[0.35397520258968607, 0.3433867993924792, 0.3441869827103565]
[0.3433867993924792, 0.3441869827103565, 0.3205532083957181]
[0.3441869827103565, 0.3205532083957181, 0.33196682807918887]
[0.3205532083957181, 0.33196682807918887, 0.3477277098208685]
[0.33196682807918887, 0.3477277098208685, 0.3398605137344982]
[0.3477277098208685, 0.3398605137344982, 0.3554595005778206]
[0.3398605137344982, 0.3554595005778206, 0.32233714011505454]
[0.3554595005778206, 0.32233714011505454, 0.3379300316283872]
[0.32233714011505454, 0.3379300316283872, 0.3443260795615666]
[0.3379300316283872, 0.3443260795615666, 0.3100034729870636]
[0.3443260795615666, 0.3100034729870636, 0.3397999507240233]
[0.3100034729870636, 0.3397999507240233, 0.29909457901496095]
[0.3397999507240233, 0.29909457901496095, 0.31599911657987956]
[0.29909457901496095, 0.31599911657987956, 0.32363476575991845]
[0.31599911657987956, 0.32363476575991845, 0.3120763848831942]
[0.32363476575991845, 0.3120763848831942, 0.3042819772466237]
[0.3120763848831942, 0.3042819772466237, 0.29813459670505776]
[0.3042819772466237, 0.29813459670505776, 0.29881795522069815]
[0.29813459670505776, 0.29881795522069815, 0.3184595532859593]
[0.29881795522069815, 0.3184595532859593, 0.3341529559978716]
[0.3184595532859593, 0.3341529559978716, 0.3368229943721903]
[0.3341529559978716, 0.3368229943721903, 0.31609958271816196]
[0.3368229943721903, 0.31609958271816196, 0.30881160778306865]
[0.31609958271816196, 0.30881160778306865, 0.3104678405414817]
[0.30881160778306865, 0.3104678405414817, 0.33703810462647327]
[0.3104678405414817, 0.33703810462647327, 0.35862108726997327]
[0.33703810462647327, 0.35862108726997327, 0.3369205708865418]
[0.35862108726997327, 0.3369205708865418, 0.33414746184437694]
[0.3369205708865418, 0.33414746184437694, 0.3445225976914046]
[0.33414746184437694, 0.3445225976914046, 0.333305332645804]
[0.3445225976914046, 0.333305332645804, 0.3100034729870636]
[0.333305332645804, 0.3100034729870636, 0.310803656304941]
[0.3100034729870636, 0.310803656304941, 0.31160383962281835]
[0.310803656304941, 0.31160383962281835, 0.3148113686162548]
[0.31160383962281835, 0.3148113686162548, 0.3225890809676528]
[0.3148113686162548, 0.3225890809676528, 0.3431580424219278]
[0.3225890809676528, 0.3431580424219278, 0.3414074432225961]
[0.3431580424219278, 0.3414074432225961, 0.32172008000083]
[0.3414074432225961, 0.32172008000083, 0.33513763841187894]
[0.32172008000083, 0.33513763841187894, 0.32363476575991845]
[0.33513763841187894, 0.32363476575991845, 0.3329546266735253]
[0.32363476575991845, 0.3329546266735253, 0.33061151123039656]
[0.3329546266735253, 0.33061151123039656, 0.31575901154587965]
[0.33061151123039656, 0.31575901154587965, 0.30767460035932426]
[0.31575901154587965, 0.30767460035932426, 0.337299933928504]
[0.30767460035932426, 0.337299933928504, 0.3310444082924393]
[0.337299933928504, 0.3310444082924393, 0.3477277098208685]
[0.3310444082924393, 0.3477277098208685, 0.31870156341380007]
[0.3477277098208685, 0.31870156341380007, 0.3443924961269036]
[0.31870156341380007, 0.3443924961269036, 0.33356596268467764]
[0.3443924961269036, 0.33356596268467764, 0.33204728634445824]
[0.33356596268467764, 0.33204728634445824, 0.3339583432056238]
[0.33204728634445824, 0.3339583432056238, 0.3375359713977994]
[0.3339583432056238, 0.3375359713977994, 0.31662611831193893]
[0.3375359713977994, 0.31662611831193893, 0.30369939450022615]
[0.31662611831193893, 0.30369939450022615, 0.34282613414826557]
[0.30369939450022615, 0.34282613414826557, 0.310834267463094]
[0.34282613414826557, 0.310834267463094, 0.31126272379169484]
[0.310834267463094, 0.31126272379169484, 0.3143352242399967]
[0.31126272379169484, 0.3143352242399967, 0.34500025016792185]
[0.3143352242399967, 0.34500025016792185, 0.32233714011505454]
[0.34500025016792185, 0.32233714011505454, 0.3099538850840377]
[0.32233714011505454, 0.3099538850840377, 0.3198076396245889]
[0.3099538850840377, 0.3198076396245889, 0.3039732294366714]
[0.3198076396245889, 0.3039732294366714, 0.33276577936680024]
[0.3039732294366714, 0.33276577936680024, 0.3335036745741535]
[0.33276577936680024, 0.3335036745741535, 0.34872304846871505]
[0.3335036745741535, 0.34872304846871505, 0.31478880830526385]
[0.34872304846871505, 0.31478880830526385, 0.35016985631513087]
[0.31478880830526385, 0.35016985631513087, 0.38680113789475856]
[0.35016985631513087, 0.38680113789475856, 0.38825135163510344]
[0.38680113789475856, 0.38825135163510344, 0.3444921993366178]
[0.38825135163510344, 0.3444921993366178, 0.36666836899160343]
[0.3444921993366178, 0.36666836899160343, 0.36585824160982416]
[0.36666836899160343, 0.36585824160982416, 0.37749707103720864]
[0.36585824160982416, 0.37749707103720864, 0.36596738200059536]
[0.37749707103720864, 0.36596738200059536, 0.3514712280458548]
[0.36596738200059536, 0.3514712280458548, 0.35228135542763406]
[0.3514712280458548, 0.35228135542763406, 0.3440520294792292]
[0.35228135542763406, 0.3440520294792292, 0.37485663200306896]
[0.3440520294792292, 0.37485663200306896, 0.3756667593848482]
[0.37485663200306896, 0.3756667593848482, 0.33816755851769276]
[0.3756667593848482, 0.33816755851769276, 0.3663150190080786]
[0.33816755851769276, 0.3663150190080786, 0.34420006685004445]
[0.3663150190080786, 0.34420006685004445, 0.3515305848759014]
[0.34420006685004445, 0.3515305848759014, 0.34005158569851424]
[0.3515305848759014, 0.34005158569851424, 0.33356596268467764]
[0.34005158569851424, 0.33356596268467764, 0.3406000700027059]
[0.33356596268467764, 0.3406000700027059, 0.3400173791734289]
[0.3406000700027059, 0.3400173791734289, 0.3204024128762788]
[0.3400173791734289, 0.3204024128762788, 0.330540940116825]
[0.3204024128762788, 0.330540940116825, 0.3521687372717064]
[0.330540940116825, 0.3521687372717064, 0.3451967682977598]
[0.3521687372717064, 0.3451967682977598, 0.3443514752717779]
[0.3451967682977598, 0.3443514752717779, 0.34516636994297306]
[0.3443514752717779, 0.34516636994297306, 0.3449824514268394]
[0.34516636994297306, 0.3449824514268394, 0.3274869615913635]
[0.3449824514268394, 0.3274869615913635, 0.33513763841187894]
[0.3274869615913635, 0.33513763841187894, 0.33108418910517984]
[0.33513763841187894, 0.33108418910517984, 0.2984949925532875]
[0.33108418910517984, 0.2984949925532875, 0.33050519270698425]
[0.2984949925532875, 0.33050519270698425, 0.32363476575991845]
[0.33050519270698425, 0.32363476575991845, 0.32119432154612343]
[0.32363476575991845, 0.32119432154612343, 0.33513763841187894]
[0.32119432154612343, 0.33513763841187894, 0.308373507381366]
[0.33513763841187894, 0.308373507381366, 0.2983267494491242]
[0.308373507381366, 0.2983267494491242, 0.33065138285461426]
[0.2983267494491242, 0.33065138285461426, 0.3116132285434615]
[0.33065138285461426, 0.3116132285434615, 0.3199717815866956]
[0.3116132285434615, 0.3199717815866956, 0.3324880810583225]
[0.3199717815866956, 0.3324880810583225, 0.3199717815866956]
[0.3324880810583225, 0.3199717815866956, 0.3307193528897927]
[0.3199717815866956, 0.3307193528897927, 0.3314746542386561]
[0.3307193528897927, 0.3314746542386561, 0.3293688773159649]
[0.3314746542386561, 0.3293688773159649, 0.34749951202840534]
[0.3293688773159649, 0.34749951202840534, 0.34836380685196655]
[0.34749951202840534, 0.34836380685196655, 0.33564965236038674]
[0.34836380685196655, 0.33564965236038674, 0.32815642019258273]
[0.33564965236038674, 0.32815642019258273, 0.32815642019258273]
[0.32815642019258273, 0.32815642019258273, 0.33894566148954386]
[0.32815642019258273, 0.33894566148954386, 0.31835997508221836]
[0.33894566148954386, 0.31835997508221836, 0.32599997418900856]
[0.31835997508221836, 0.32599997418900856, 0.3383940520077148]
[0.32599997418900856, 0.3383940520077148, 0.3486257087286365]
[0.3383940520077148, 0.3486257087286365, 0.3317185088985981]
[0.3486257087286365, 0.3317185088985981, 0.33098068382044216]
[0.3317185088985981, 0.33098068382044216, 0.3415480549353979]
[0.33098068382044216, 0.3415480549353979, 0.35160718482127884]
[0.3415480549353979, 0.35160718482127884, 0.32216062463905204]
[0.35160718482127884, 0.32216062463905204, 0.3364917616099604]
[0.32216062463905204, 0.3364917616099604, 0.3421662119125052]
[0.3364917616099604, 0.3421662119125052, 0.33148892504951705]
[0.3421662119125052, 0.33148892504951705, 0.34240063831472084]
[0.33148892504951705, 0.34240063831472084, 0.35007533743264296]
[0.34240063831472084, 0.35007533743264296, 0.35092828325360936]
[0.35007533743264296, 0.35092828325360936, 0.32988181069488987]
[0.35092828325360936, 0.32988181069488987, 0.33933615100248005]
[0.32988181069488987, 0.33933615100248005, 0.3446327336189652]
[0.33933615100248005, 0.3446327336189652, 0.3577987102006752]
[0.3446327336189652, 0.3577987102006752, 0.32998563828973754]
[0.3577987102006752, 0.32998563828973754, 0.29543605586627386]
[0.32998563828973754, 0.29543605586627386, 0.28799530350658664]
[0.29543605586627386, 0.28799530350658664, 0.2916436797661948]
[0.28799530350658664, 0.2916436797661948, 0.28098332113046715]
[0.2916436797661948, 0.28098332113046715, 0.2933493321439351]
[0.28098332113046715, 0.2933493321439351, 0.2848557035609368]
[0.2933493321439351, 0.2848557035609368, 0.29366910902963705]
[0.2848557035609368, 0.29366910902963705, 0.28378606880099533]
[0.29366910902963705, 0.28378606880099533, 0.2857233955940952]
[0.28378606880099533, 0.2857233955940952, 0.2875347829332586]
[0.2857233955940952, 0.2875347829332586, 0.30101059240191763]
[0.2875347829332586, 0.30101059240191763, 0.3067588772870324]
[0.30101059240191763, 0.3067588772870324, 0.3034832168013012]
[0.3067588772870324, 0.3034832168013012, 0.2976985007967042]
[0.3034832168013012, 0.2976985007967042, 0.2874129431853395]
[0.2976985007967042, 0.2874129431853395, 0.30585199562374554]
[0.2874129431853395, 0.30585199562374554, 0.2959065717683378]
[0.30585199562374554, 0.2959065717683378, 0.302409189348951]
[0.2959065717683378, 0.302409189348951, 0.2956822545450126]
[0.302409189348951, 0.2956822545450126, 0.2973248096583917]
[0.2956822545450126, 0.2973248096583917, 0.30762913533404634]
[0.2973248096583917, 0.30762913533404634, 0.29599753426053566]
[0.30762913533404634, 0.29599753426053566, 0.3134769328867574]
[0.29599753426053566, 0.3134769328867574, 0.305379155426287]
[0.3134769328867574, 0.305379155426287, 0.33197097843460166]
[0.305379155426287, 0.33197097843460166, 0.3147704555307571]
[0.33197097843460166, 0.3147704555307571, 0.3140495955347896]
[0.3147704555307571, 0.3140495955347896, 0.32763746587791104]
[0.3140495955347896, 0.32763746587791104, 0.31109328272960896]
[0.32763746587791104, 0.31109328272960896, 0.31192274608463755]
[0.31109328272960896, 0.31192274608463755, 0.3040453190102813]
[0.31192274608463755, 0.3040453190102813, 0.32679569946363785]
[0.3040453190102813, 0.32679569946363785, 0.30739561019440736]
[0.32679569946363785, 0.30739561019440736, 0.329797466151387]
[0.30739561019440736, 0.329797466151387, 0.3109342958755271]
[0.329797466151387, 0.3109342958755271, 0.32043960789197395]
[0.3109342958755271, 0.32043960789197395, 0.3186784990046932]
[0.32043960789197395, 0.3186784990046932, 0.313415218220786]
[0.3186784990046932, 0.313415218220786, 0.3528567561544622]
[0.313415218220786, 0.3528567561544622, 0.33027673253740386]
[0.3528567561544622, 0.33027673253740386, 0.34422279138358547]
[0.33027673253740386, 0.34422279138358547, 0.32721123634490346]
[0.34422279138358547, 0.32721123634490346, 0.34509663775040955]
[0.32721123634490346, 0.34509663775040955, 0.34426721850885456]
[0.34509663775040955, 0.34426721850885456, 0.34260538561366327]
[0.34426721850885456, 0.34260538561366327, 0.3525442014315916]
[0.34260538561366327, 0.3525442014315916, 0.34463635886608635]
[0.3525442014315916, 0.34463635886608635, 0.34343862937333985]
[0.34463635886608635, 0.34343862937333985, 0.33475635084621264]
[0.34343862937333985, 0.33475635084621264, 0.3363555319019303]
[0.33475635084621264, 0.3363555319019303, 0.3451399177358825]
[0.3363555319019303, 0.3451399177358825, 0.3263466742310188]
[0.3451399177358825, 0.3263466742310188, 0.32722527073091806]
[0.3263466742310188, 0.32722527073091806, 0.3257768896750164]
[0.32722527073091806, 0.3257768896750164, 0.34502403183797603]
[0.3257768896750164, 0.34502403183797603, 0.3362714306487878]
[0.34502403183797603, 0.3362714306487878, 0.3288919966736049]
[0.3362714306487878, 0.3288919966736049, 0.3282190250438911]
[0.3288919966736049, 0.3282190250438911, 0.31877843573393294]
[0.3282190250438911, 0.31877843573393294, 0.3459355958026026]
[0.31877843573393294, 0.3459355958026026, 0.3252413006838515]
[0.3459355958026026, 0.3252413006838515, 0.3127864248587606]
[0.3252413006838515, 0.3127864248587606, 0.33480192010975834]
[0.3127864248587606, 0.33480192010975834, 0.32519352115028677]
[0.33480192010975834, 0.32519352115028677, 0.3321522422363238]
[0.32519352115028677, 0.3321522422363238, 0.3296798729518402]
[0.3321522422363238, 0.3296798729518402, 0.32941518087463184]
[0.3296798729518402, 0.32941518087463184, 0.3251016722767507]
[0.32941518087463184, 0.3251016722767507, 0.3330607631572622]
[0.3251016722767507, 0.3330607631572622, 0.30134518503535923]
[0.3330607631572622, 0.30134518503535923, 0.33795063539873993]
[0.30134518503535923, 0.33795063539873993, 0.34186248612998404]
[0.33795063539873993, 0.34186248612998404, 0.3452465126935227]
[0.34186248612998404, 0.3452465126935227, 0.329293328483269]
[0.3452465126935227, 0.329293328483269, 0.3515741438817292]
[0.329293328483269, 0.3515741438817292, 0.36561603255563396]
[0.3515741438817292, 0.36561603255563396, 0.33302679684003966]
[0.36561603255563396, 0.33302679684003966, 0.375753317469222]
[0.33302679684003966, 0.375753317469222, 0.36721451641855707]
[0.375753317469222, 0.36721451641855707, 0.375953739447427]
[0.36721451641855707, 0.375953739447427, 0.3368227812595822]
[0.375953739447427, 0.3368227812595822, 0.3482490583005269]
[0.3368227812595822, 0.3482490583005269, 0.35916621906384205]
[0.3482490583005269, 0.35916621906384205, 0.3589657970856371]
[0.35916621906384205, 0.3589657970856371, 0.3514279372055068]
[0.3589657970856371, 0.3514279372055068, 0.3296541699351654]
[0.3514279372055068, 0.3296541699351654, 0.3140595983963703]
[0.3296541699351654, 0.3140595983963703, 0.3125243660104161]
[0.3140595983963703, 0.3125243660104161, 0.3109891336244619]
[0.3125243660104161, 0.3109891336244619, 0.2953945620856668]
[0.3109891336244619, 0.2953945620856668, 0.33128204754432866]
[0.2953945620856668, 0.33128204754432866, 0.314363883008419]
[0.33128204754432866, 0.314363883008419, 0.32849013939205385]
[0.314363883008419, 0.32849013939205385, 0.29548479180081083]
[0.32849013939205385, 0.29548479180081083, 0.28779778780424026]
[0.29548479180081083, 0.28779778780424026, 0.3109891336244619]
[0.28779778780424026, 0.3109891336244619, 0.2943028097756346]
[0.3109891336244619, 0.2943028097756346, 0.35795183722111956]
[0.2943028097756346, 0.35795183722111956, 0.3113444593002708]
[0.35795183722111956, 0.3113444593002708, 0.3284536506224648]
[0.3113444593002708, 0.3284536506224648, 0.3196801126151534]
[0.3284536506224648, 0.3196801126151534, 0.30355841108346326]
[0.3196801126151534, 0.30355841108346326, 0.2750766058225094]
[0.30355841108346326, 0.2750766058225094, 0.2943102708506272]
[0.2750766058225094, 0.2943102708506272, 0.3116445064814472]
[0.2943102708506272, 0.3116445064814472, 0.3175918463859929]
[0.3116445064814472, 0.3175918463859929, 0.3087521156060228]
[0.3175918463859929, 0.3087521156060228, 0.29285661433792237]
[0.3087521156060228, 0.29285661433792237, 0.3082906152452193]
[0.29285661433792237, 0.3082906152452193, 0.34953223686046075]
[0.3082906152452193, 0.34953223686046075, 0.34779157387071274]
[0.34953223686046075, 0.34779157387071274, 0.35804776006016165]
[0.34779157387071274, 0.35804776006016165, 0.34591538694141954]
[0.35804776006016165, 0.34591538694141954, 0.36478452485809143]
[0.34591538694141954, 0.36478452485809143, 0.3245660312134322]
[0.36478452485809143, 0.3245660312134322, 0.32649347544811297]
[0.3245660312134322, 0.32649347544811297, 0.32649347544811297]
[0.32649347544811297, 0.32649347544811297, 0.3089154267965519]
[0.32649347544811297, 0.3089154267965519, 0.321180154893349]
[0.3089154267965519, 0.321180154893349, 0.29361010975735174]
[0.321180154893349, 0.29361010975735174, 0.321180154893349]
[0.29361010975735174, 0.321180154893349, 0.321180154893349]
[0.321180154893349, 0.321180154893349, 0.305839104043546]
[0.321180154893349, 0.305839104043546, 0.3027507702666272]
[0.305839104043546, 0.3027507702666272, 0.3149797645528214]
[0.3027507702666272, 0.3149797645528214, 0.32748600231469777]
[0.3149797645528214, 0.32748600231469777, 0.3197989983181272]
[0.32748600231469777, 0.3197989983181272, 0.3220669262297717]
[0.3197989983181272, 0.3220669262297717, 0.30729276055625077]
[0.3220669262297717, 0.30729276055625077, 0.3303208154026245]
[0.30729276055625077, 0.3303208154026245, 0.30729276055625077]
[0.3303208154026245, 0.30729276055625077, 0.32279682171929136]
[0.30729276055625077, 0.32279682171929136, 0.3181465976815818]
[0.32279682171929136, 0.3181465976815818, 0.35003583659052284]
[0.3181465976815818, 0.35003583659052284, 0.33586066038121654]
[0.35003583659052284, 0.33586066038121654, 0.36308232187052586]
[0.33586066038121654, 0.36308232187052586, 0.3112934182365106]
[0.36308232187052586, 0.3112934182365106, 0.30892429859606774]
[0.3112934182365106, 0.30892429859606774, 0.32649347544811297]
[0.30892429859606774, 0.32649347544811297, 0.35384545652847643]
[0.32649347544811297, 0.35384545652847643, 0.33478354859289206]
[0.35384545652847643, 0.33478354859289206, 0.375753317469222]
[0.33478354859289206, 0.375753317469222, 0.3663061432727719]
[0.375753317469222, 0.3663061432727719, 0.3063725943997997]
[0.3663061432727719, 0.3063725943997997, 0.3318649822910838]
[0.3063725943997997, 0.3318649822910838, 0.37611845900368046]
[0.3318649822910838, 0.37611845900368046, 0.3617916756710585]
[0.37611845900368046, 0.3617916756710585, 0.3519622284209264]
[0.3617916756710585, 0.3519622284209264, 0.34983675924134383]
[0.3519622284209264, 0.34983675924134383, 0.3529412192478747]
[0.34983675924134383, 0.3529412192478747, 0.33803154092106696]
[0.3529412192478747, 0.33803154092106696, 0.3503831648860334]
[0.33803154092106696, 0.3503831648860334, 0.34953223686046075]
[0.3503831648860334, 0.34953223686046075, 0.35173245958638993]
[0.34953223686046075, 0.35173245958638993, 0.35385169264722444]
[0.35173245958638993, 0.35385169264722444, 0.36508904723897456]
[0.35385169264722444, 0.36508904723897456, 0.3659995206383243]
[0.36508904723897456, 0.3659995206383243, 0.35173245958638993]
[0.3659995206383243, 0.35173245958638993, 0.34946405408075965]
[0.35173245958638993, 0.34946405408075965, 0.33414033532242243]
[0.34946405408075965, 0.33414033532242243, 0.3636054894781222]
[0.33414033532242243, 0.3636054894781222, 0.35036131518132485]
[0.3636054894781222, 0.35036131518132485, 0.3369033002071409]
[0.35036131518132485, 0.3369033002071409, 0.3229875411148958]
[0.3369033002071409, 0.3229875411148958, 0.34141264579776415]
[0.3229875411148958, 0.34141264579776415, 0.3284313725490196]
[0.34141264579776415, 0.3284313725490196, 0.2910443574665208]
[0.3284313725490196, 0.2910443574665208, 0.3359136905261315]
[0.2910443574665208, 0.3359136905261315, 0.30391088741676214]
[0.3359136905261315, 0.30391088741676214, 0.3152307249927867]
[0.30391088741676214, 0.3152307249927867, 0.3269691400492746]
[0.3152307249927867, 0.3269691400492746, 0.3451243192287291]
[0.3269691400492746, 0.3451243192287291, 0.3417130300920873]
[0.3451243192287291, 0.3417130300920873, 0.31972738819515734]
[0.3417130300920873, 0.31972738819515734, 0.3043820964033843]
[0.31972738819515734, 0.3043820964033843, 0.2918811140240406]
[0.3043820964033843, 0.2918811140240406, 0.29156592292021033]
[0.2918811140240406, 0.29156592292021033, 0.27194896801471835]
[0.29156592292021033, 0.27194896801471835, 0.2980454942521079]
[0.27194896801471835, 0.2980454942521079, 0.3033474822511203]
[0.2980454942521079, 0.3033474822511203, 0.38841551469261604]
[0.3033474822511203, 0.38841551469261604, 0.3505682079599073]
[0.38841551469261604, 0.3505682079599073, 0.36896583634888425]
[0.3505682079599073, 0.36896583634888425, 0.3685119718050809]
[0.36896583634888425, 0.3685119718050809, 0.3607593241616807]
[0.3685119718050809, 0.3607593241616807, 0.33978994262092665]
[0.3607593241616807, 0.33978994262092665, 0.353066549000715]
[0.33978994262092665, 0.353066549000715, 0.34046097315149587]
[0.353066549000715, 0.34046097315149587, 0.36078684441838893]
[0.34046097315149587, 0.36078684441838893, 0.33899674358126397]
[0.36078684441838893, 0.33899674358126397, 0.34579786517186284]
[0.33899674358126397, 0.34579786517186284, 0.3284293835933444]
[0.34579786517186284, 0.3284293835933444, 0.34396292498405223]
[0.3284293835933444, 0.34396292498405223, 0.32954477756317907]
[0.34396292498405223, 0.32954477756317907, 0.318861469426976]
[0.32954477756317907, 0.318861469426976, 0.3533758074714205]
[0.318861469426976, 0.3533758074714205, 0.36388511682835023]
[0.3533758074714205, 0.36388511682835023, 0.34202146880464823]
[0.36388511682835023, 0.34202146880464823, 0.3360030025955104]
[0.34202146880464823, 0.3360030025955104, 0.3393412558842695]
[0.3360030025955104, 0.3393412558842695, 0.35595177105757003]
[0.3393412558842695, 0.35595177105757003, 0.38028010639385573]
[0.35595177105757003, 0.38028010639385573, 0.3996664625292794]
[0.38028010639385573, 0.3996664625292794, 0.412442293887543]
[0.3996664625292794, 0.412442293887543, 0.3984036400939765]
[0.412442293887543, 0.3984036400939765, 0.42043171030885873]
[0.3984036400939765, 0.42043171030885873, 0.41226921635526503]
[0.42043171030885873, 0.41226921635526503, 0.4586217944039892]
[0.41226921635526503, 0.4586217944039892, 0.39893565738864667]
[0.4586217944039892, 0.39893565738864667, 0.42898551623396153]
[0.39893565738864667, 0.42898551623396153, 0.4130321406620939]
[0.42898551623396153, 0.4130321406620939, 0.4229576174607195]
[0.4130321406620939, 0.4229576174607195, 0.42540595968097716]
[0.4229576174607195, 0.42540595968097716, 0.38698277190287234]
[0.42540595968097716, 0.38698277190287234, 0.34860408088908007]
[0.38698277190287234, 0.34860408088908007, 0.3435336094989143]
[0.34860408088908007, 0.3435336094989143, 0.3261614750652002]
[0.3435336094989143, 0.3261614750652002, 0.3234387517283638]
[0.3261614750652002, 0.3234387517283638, 0.33819227851772593]
[0.3234387517283638, 0.33819227851772593, 0.34635446058875874]
[0.33819227851772593, 0.34635446058875874, 0.3390306786082704]
[0.34635446058875874, 0.3390306786082704, 0.360843361256826]
[0.3390306786082704, 0.360843361256826, 0.36781809083583655]
[0.360843361256826, 0.36781809083583655, 0.3429151803475]
[0.36781809083583655, 0.3429151803475, 0.3401961867674312]
[0.3429151803475, 0.3401961867674312, 0.3462097869056807]
[0.3401961867674312, 0.3462097869056807, 0.395216283149784]
[0.3462097869056807, 0.395216283149784, 0.3797505775037766]
[0.395216283149784, 0.3797505775037766, 0.4033713569876565]
[0.3797505775037766, 0.4033713569876565, 0.3839188211610113]
[0.4033713569876565, 0.3839188211610113, 0.372005521376249]
[0.3839188211610113, 0.372005521376249, 0.38940725781187635]
[0.372005521376249, 0.38940725781187635, 0.3648488492229214]
[0.38940725781187635, 0.3648488492229214, 0.3775387163050101]
[0.3648488492229214, 0.3775387163050101, 0.3951435509491908]
[0.3775387163050101, 0.3951435509491908, 0.35435925824627323]
[0.3951435509491908, 0.35435925824627323, 0.34265647992887205]
[0.35435925824627323, 0.34265647992887205, 0.36133310901848403]
[0.34265647992887205, 0.36133310901848403, 0.3530641161069174]
[0.36133310901848403, 0.3530641161069174, 0.34926591085828695]
[0.3530641161069174, 0.34926591085828695, 0.35397427760584255]
[0.34926591085828695, 0.35397427760584255, 0.34438953055188615]
[0.35397427760584255, 0.34438953055188615, 0.34512683464129357]
[0.34438953055188615, 0.34512683464129357, 0.3584719812757551]
[0.34512683464129357, 0.3584719812757551, 0.3576217729621818]
[0.3584719812757551, 0.3576217729621818, 0.3723347799629931]
[0.3576217729621818, 0.3723347799629931, 0.3848348243835379]
[0.3723347799629931, 0.3848348243835379, 0.3766698559207142]
[0.3848348243835379, 0.3766698559207142, 0.34452548732731014]
[0.3766698559207142, 0.34452548732731014, 0.34541388373990156]
[0.34452548732731014, 0.34541388373990156, 0.35397427760584255]
[0.34541388373990156, 0.35397427760584255, 0.34701480155343767]
[0.35397427760584255, 0.34701480155343767, 0.3661081777828664]
[0.34701480155343767, 0.3661081777828664, 0.3553226188185531]
[0.3661081777828664, 0.3553226188185531, 0.34766107962619597]
[0.3553226188185531, 0.34766107962619597, 0.3546484482121979]
[0.34766107962619597, 0.3546484482121979, 0.35626762979556786]
[0.3546484482121979, 0.35626762979556786, 0.3661632870581617]
[0.35626762979556786, 0.3661632870581617, 0.3272685812023842]
[0.3661632870581617, 0.3272685812023842, 0.3359440964144842]
[0.3272685812023842, 0.3359440964144842, 0.33973482328973775]
[0.3359440964144842, 0.33973482328973775, 0.34461719631779164]
[0.33973482328973775, 0.34461719631779164, 0.30747110844893366]
[0.34461719631779164, 0.30747110844893366, 0.3626631159461411]
[0.30747110844893366, 0.3626631159461411, 0.3553226188185531]
[0.3626631159461411, 0.3553226188185531, 0.36493258316485155]
[0.3553226188185531, 0.36493258316485155, 0.35328421990205794]
[0.36493258316485155, 0.35328421990205794, 0.34989997125089684]
[0.35328421990205794, 0.34989997125089684, 0.3385326103660508]
[0.34989997125089684, 0.3385326103660508, 0.34051763070896823]
[0.3385326103660508, 0.34051763070896823, 0.35138426923903143]
[0.34051763070896823, 0.35138426923903143, 0.3499400814646423]
[0.35138426923903143, 0.3499400814646423, 0.3390333327208337]
[0.3499400814646423, 0.3390333327208337, 0.32965099217890514]
[0.3390333327208337, 0.32965099217890514, 0.3412742406090612]
[0.32965099217890514, 0.3412742406090612, 0.34255091940982174]
[0.3412742406090612, 0.34255091940982174, 0.3494692766269136]
[0.34255091940982174, 0.3494692766269136, 0.3419952715379174]
[0.3494692766269136, 0.3419952715379174, 0.3952921765900488]
[0.3419952715379174, 0.3952921765900488, 0.3775791570267084]
[0.3952921765900488, 0.3775791570267084, 0.38988682010384706]
[0.3775791570267084, 0.38988682010384706, 0.36910670018222635]
[0.38988682010384706, 0.36910670018222635, 0.3979520765565471]
[0.36910670018222635, 0.3979520765565471, 0.3882024748989454]
[0.3979520765565471, 0.3882024748989454, 0.37832802432591583]
[0.3882024748989454, 0.37832802432591583, 0.3745412302207633]
[0.37832802432591583, 0.3745412302207633, 0.362482570310026]
[0.3745412302207633, 0.362482570310026, 0.3561604875688287]
[0.362482570310026, 0.3561604875688287, 0.3631893149911008]
[0.3561604875688287, 0.3631893149911008, 0.3787441032982471]
[0.3631893149911008, 0.3787441032982471, 0.39706943978948905]
[0.3787441032982471, 0.39706943978948905, 0.3656035275235317]
[0.39706943978948905, 0.3656035275235317, 0.35066398499268703]
[0.3656035275235317, 0.35066398499268703, 0.3574127533695195]
[0.35066398499268703, 0.3574127533695195, 0.35228135542763406]
[0.3574127533695195, 0.35228135542763406, 0.3689839890188055]
[0.35228135542763406, 0.3689839890188055, 0.3530968537207706]
[0.3689839890188055, 0.3530968537207706, 0.3841759850136219]
[0.3530968537207706, 0.3841759850136219, 0.3731208008219927]
[0.3841759850136219, 0.3731208008219927, 0.3774297903701674]
[0.3731208008219927, 0.3774297903701674, 0.3703699473372646]
[0.3774297903701674, 0.3703699473372646, 0.3387317756586361]
[0.3703699473372646, 0.3387317756586361, 0.3396234309565931]
[0.3387317756586361, 0.3396234309565931, 0.3616812712703595]
[0.3396234309565931, 0.3616812712703595, 0.3616812712703595]
[0.3616812712703595, 0.3616812712703595, 0.37516373135778713]
[0.3616812712703595, 0.37516373135778713, 0.34941870794324426]
[0.37516373135778713, 0.34941870794324426, 0.35133877014760895]
[0.34941870794324426, 0.35133877014760895, 0.33950138754038806]
[0.35133877014760895, 0.33950138754038806, 0.3424581064490264]
[0.33950138754038806, 0.3424581064490264, 0.35057278241426204]
[0.3424581064490264, 0.35057278241426204, 0.3406929627068741]
[0.35057278241426204, 0.3406929627068741, 0.35407187025802866]
[0.3406929627068741, 0.35407187025802866, 0.3624048402618602]
[0.35407187025802866, 0.3624048402618602, 0.35213392218467]
[0.3624048402618602, 0.35213392218467, 0.35858195047963026]
[0.35213392218467, 0.35858195047963026, 0.3716822795876412]
[0.35858195047963026, 0.3716822795876412, 0.36933221728694987]
[0.3716822795876412, 0.36933221728694987, 0.36065882714553144]
[0.36933221728694987, 0.36065882714553144, 0.3473344831574334]
[0.36065882714553144, 0.3473344831574334, 0.36945151569702156]
[0.3473344831574334, 0.36945151569702156, 0.3591041391988572]
[0.36945151569702156, 0.3591041391988572, 0.3584280632549117]
[0.3591041391988572, 0.3584280632549117, 0.3490587495205504]
[0.3584280632549117, 0.3490587495205504, 0.37393340333603925]
[0.3490587495205504, 0.37393340333603925, 0.41805734534500116]
[0.37393340333603925, 0.41805734534500116, 0.3588692442638899]
[0.41805734534500116, 0.3588692442638899, 0.37870714630582636]
[0.3588692442638899, 0.37870714630582636, 0.4118431396674027]
[0.37870714630582636, 0.4118431396674027, 0.3791042288242551]
[0.4118431396674027, 0.3791042288242551, 0.2067420322059229]
[0.3791042288242551, 0.2067420322059229, 0.09589928112133071]
[0.2067420322059229, 0.09589928112133071, 0.07674190823971412]
[0.09589928112133071, 0.07674190823971412, 0.17578693733368217]
[0.07674190823971412, 0.17578693733368217, 0.22182706769134392]
[0.17578693733368217, 0.22182706769134392, 0.27099253667256235]
[0.22182706769134392, 0.27099253667256235, 0.2822326367813447]
[0.27099253667256235, 0.2822326367813447, 0.27904032142230795]
[0.2822326367813447, 0.27904032142230795, 0.2923157585444689]
[0.27904032142230795, 0.2923157585444689, 0.28184346090574985]
[0.2923157585444689, 0.28184346090574985, 0.3142463978988298]
[0.28184346090574985, 0.3142463978988298, 0.2832703904185623]
[0.3142463978988298, 0.2832703904185623, 0.2808161184544946]
[0.2832703904185623, 0.2808161184544946, 0.2922888978243936]
[0.2808161184544946, 0.2922888978243936, 0.3006272939443645]
[0.2922888978243936, 0.3006272939443645, 0.2959096140393647]
[0.3006272939443645, 0.2959096140393647, 0.29054464175924866]
[0.2959096140393647, 0.29054464175924866, 0.2992060009183385]
[0.29054464175924866, 0.2992060009183385, 0.30403334832159307]
[0.2992060009183385, 0.30403334832159307, 0.2922888978243936]
[0.30403334832159307, 0.2922888978243936, 0.28142740324778326]
[0.2922888978243936, 0.28142740324778326, 0.3232600440665356]
[0.28142740324778326, 0.3232600440665356, 0.3226417872743661]
[0.3232600440665356, 0.3226417872743661, 0.3335226843653498]
[0.3226417872743661, 0.3335226843653498, 0.326796978167991]
[0.3335226843653498, 0.326796978167991, 0.32683054245571275]
[0.326796978167991, 0.32683054245571275, 0.32406074890780584]
[0.32683054245571275, 0.32406074890780584, 0.3306207705795681]
[0.32406074890780584, 0.3306207705795681, 0.33394012627808983]
[0.3306207705795681, 0.33394012627808983, 0.34156781493958976]
[0.33394012627808983, 0.34156781493958976, 0.3303558842391183]
[0.34156781493958976, 0.3303558842391183, 0.34052426151705323]
[0.3303558842391183, 0.34052426151705323, 0.3534594238546751]
[0.34052426151705323, 0.3534594238546751, 0.3303558842391183]
[0.3534594238546751, 0.3303558842391183, 0.3234021281230719]
[0.3303558842391183, 0.3234021281230719, 0.3239330583971346]
[0.3234021281230719, 0.3239330583971346, 0.3315163410884947]
[0.3239330583971346, 0.3315163410884947, 0.33185906736305937]
[0.3315163410884947, 0.33185906736305937, 0.3147641269930984]
[0.33185906736305937, 0.3147641269930984, 0.32071563708248685]
[0.3147641269930984, 0.32071563708248685, 0.30141607586557023]
[0.32071563708248685, 0.30141607586557023, 0.3137040153950911]
[0.30141607586557023, 0.3137040153950911, 0.3014988215162667]
[0.3137040153950911, 0.3014988215162667, 0.2932840989021287]
[0.3014988215162667, 0.2932840989021287, 0.276645432893896]
[0.2932840989021287, 0.276645432893896, 0.25012304142638647]
[0.276645432893896, 0.25012304142638647, 0.2705958444551554]
[0.25012304142638647, 0.2705958444551554, 0.24589388813499954]
[0.2705958444551554, 0.24589388813499954, 0.26313585267029316]
[0.24589388813499954, 0.26313585267029316, 0.2653114632722363]
[0.26313585267029316, 0.2653114632722363, 0.26111908081141516]
[0.2653114632722363, 0.26111908081141516, 0.26685184812481344]
[0.26111908081141516, 0.26685184812481344, 0.2581137859805555]
[0.26685184812481344, 0.2581137859805555, 0.26211498172736636]
[0.2581137859805555, 0.26211498172736636, 0.25761583552257994]
[0.26211498172736636, 0.25761583552257994, 0.25861505569218574]
[0.25761583552257994, 0.25861505569218574, 0.25789117531106504]
[0.25861505569218574, 0.25789117531106504, 0.25389209673688684]
[0.25789117531106504, 0.25389209673688684, 0.2579900276806408]
[0.25389209673688684, 0.2579900276806408, 0.24165310037803456]
[0.2579900276806408, 0.24165310037803456, 0.23812361506194168]
[0.24165310037803456, 0.23812361506194168, 0.24665854104944945]
[0.23812361506194168, 0.24665854104944945, 0.2870545632839614]
[0.24665854104944945, 0.2870545632839614, 0.3064160485041351]
[0.2870545632839614, 0.3064160485041351, 0.31424811484765713]
[0.3064160485041351, 0.31424811484765713, 0.3257627800464531]
[0.31424811484765713, 0.3257627800464531, 0.3176589627766576]
[0.3257627800464531, 0.3176589627766576, 0.32387146306677234]
[0.3176589627766576, 0.32387146306677234, 0.33305419709267403]
[0.32387146306677234, 0.33305419709267403, 0.3292013995868529]
[0.33305419709267403, 0.3292013995868529, 0.3173425683131296]
[0.3292013995868529, 0.3173425683131296, 0.3230535816738963]
[0.3173425683131296, 0.3230535816738963, 0.33610871023137956]
[0.3230535816738963, 0.33610871023137956, 0.3191827027529093]
[0.33610871023137956, 0.3191827027529093, 0.3107868750217129]
[0.3191827027529093, 0.3107868750217129, 0.3191492314923968]
[0.3107868750217129, 0.3191492314923968, 0.3120185786863161]
[0.3191492314923968, 0.3120185786863161, 0.3263349964043316]
[0.3120185786863161, 0.3263349964043316, 0.3914739219044635]
[0.3263349964043316, 0.3914739219044635, 0.37818185178602515]
[0.3914739219044635, 0.37818185178602515, 0.379465030345959]
[0.37818185178602515, 0.379465030345959, 0.379465030345959]
[0.379465030345959, 0.379465030345959, 0.365089090016261]
[0.379465030345959, 0.365089090016261, 0.3819807707305566]
[0.365089090016261, 0.3819807707305566, 0.3613139732349085]
[0.3819807707305566, 0.3613139732349085, 0.3684568485931491]
[0.3613139732349085, 0.3684568485931491, 0.3976461751907533]
[0.3684568485931491, 0.3976461751907533, 0.3813559039761016]
[0.3976461751907533, 0.3813559039761016, 0.43649305915048847]
[0.3813559039761016, 0.43649305915048847, 0.4081268319397118]
[0.43649305915048847, 0.4081268319397118, 0.3792358343815292]
[0.4081268319397118, 0.3792358343815292, 0.3780270747200444]
[0.3792358343815292, 0.3780270747200444, 0.3638059114563271]
[0.3780270747200444, 0.3638059114563271, 0.3746705608874931]
[0.3638059114563271, 0.3746705608874931, 0.3766975932581567]
[0.3746705608874931, 0.3766975932581567, 0.36512889864811626]
[0.3766975932581567, 0.36512889864811626, 0.3529412620251612]
[0.36512889864811626, 0.3529412620251612, 0.39454818609966547]
[0.3529412620251612, 0.39454818609966547, 0.3746705608874931]
[0.39454818609966547, 0.3746705608874931, 0.3801075477696299]
[0.3746705608874931, 0.3801075477696299, 0.34953223686046075]
[0.3801075477696299, 0.34953223686046075, 0.3781744095257465]
[0.34953223686046075, 0.3781744095257465, 0.37288266784494895]
[0.3781744095257465, 0.37288266784494895, 0.3793894053059793]
[0.37288266784494895, 0.3793894053059793, 0.399072083823726]
[0.3793894053059793, 0.399072083823726, 0.36958877102748866]
[0.399072083823726, 0.36958877102748866, 0.37847897468391606]
[0.36958877102748866, 0.37847897468391606, 0.375753317469222]
[0.37847897468391606, 0.375753317469222, 0.36388033035477624]
[0.375753317469222, 0.36388033035477624, 0.3382010882303441]
[0.36388033035477624, 0.3382010882303441, 0.3608214218567566]
[0.3382010882303441, 0.3608214218567566, 0.35234928868326165]
[0.3608214218567566, 0.35234928868326165, 0.3696293604449984]
[0.35234928868326165, 0.3696293604449984, 0.35540819718128125]
[0.3696293604449984, 0.35540819718128125, 0.36252273289639325]
[0.35540819718128125, 0.36252273289639325, 0.3937945218982812]
[0.36252273289639325, 0.3937945218982812, 0.3841753105560476]
[0.3937945218982812, 0.3841753105560476, 0.3633011969737169]
[0.3841753105560476, 0.3633011969737169, 0.35116639554369156]
[0.3633011969737169, 0.35116639554369156, 0.34284915290288664]
[0.35116639554369156, 0.34284915290288664, 0.3707727969561895]
[0.34284915290288664, 0.3707727969561895, 0.34284915290288664]
[0.3707727969561895, 0.34284915290288664, 0.34254167873511554]
[0.34284915290288664, 0.34254167873511554, 0.3610722124819522]
[0.34254167873511554, 0.3610722124819522, 0.36042654694225346]
[0.3610722124819522, 0.36042654694225346, 0.3606080080248095]
[0.36042654694225346, 0.3606080080248095, 0.37445114911266286]
[0.3606080080248095, 0.37445114911266286, 0.3441146734791518]
[0.37445114911266286, 0.3441146734791518, 0.33783247784083353]
[0.3441146734791518, 0.33783247784083353, 0.2932584104993774]
