[0.07726571294836546, 0.0913766711050277, 0.0681313279427285]
[0.0913766711050277, 0.0681313279427285, 0.08080176561258652]
[0.0681313279427285, 0.08080176561258652, 0.08689841773344059]
[0.08080176561258652, 0.08689841773344059, 0.07649078155539527]
[0.08689841773344059, 0.07649078155539527, 0.08080176561258652]
[0.07649078155539527, 0.08080176561258652, 0.12182163399389456]
[0.08080176561258652, 0.12182163399389456, 0.0817479302836254]
[0.12182163399389456, 0.0817479302836254, 0.0857524732641906]
[0.0817479302836254, 0.0857524732641906, 0.07651787302125926]
[0.0857524732641906, 0.07651787302125926, 0.10414351022802625]
[0.07651787302125926, 0.10414351022802625, 0.0877344927619346]
[0.10414351022802625, 0.0877344927619346, 0.10241285965913544]
[0.0877344927619346, 0.10241285965913544, 0.07699462633966181]
[0.10241285965913544, 0.07699462633966181, 0.0617700937254238]
[0.07699462633966181, 0.0617700937254238, 0.07649078155539527]
[0.0617700937254238, 0.07649078155539527, 0.07649078155539527]
[0.07649078155539527, 0.07649078155539527, 0.08266669572014279]
[0.07649078155539527, 0.08266669572014279, 0.0694847973572717]
[0.08266669572014279, 0.0694847973572717, 0.0877220376184985]
[0.0694847973572717, 0.0877220376184985, 0.09842133240524639]
[0.0877220376184985, 0.09842133240524639, 0.08526787302125927]
[0.09842133240524639, 0.08526787302125927, 0.07649078155539527]
[0.08526787302125927, 0.07649078155539527, 0.07649078155539527]
[0.07649078155539527, 0.07649078155539527, 0.07663056945278598]
[0.07649078155539527, 0.07663056945278598, 0.09318466922584001]
[0.07663056945278598, 0.09318466922584001, 0.0913120901679961]
[0.09318466922584001, 0.0913120901679961, 0.08670440157777115]
[0.0913120901679961, 0.08670440157777115, 0.06527865422312348]
[0.08670440157777115, 0.06527865422312348, 0.07532847657043978]
[0.06527865422312348, 0.07532847657043978, 0.07862745484813372]
[0.07532847657043978, 0.07862745484813372, 0.07649078155539527]
[0.07862745484813372, 0.07649078155539527, 0.07894769117850006]
[0.07649078155539527, 0.07894769117850006, 0.07784579122848947]
[0.07894769117850006, 0.07784579122848947, 0.08269450169248897]
[0.07784579122848947, 0.08269450169248897, 0.08293843890532498]
[0.08269450169248897, 0.08293843890532498, 0.07526787302125926]
[0.08293843890532498, 0.07526787302125926, 0.07862745484813372]
[0.07526787302125926, 0.07862745484813372, 0.04882852957028079]
[0.07862745484813372, 0.04882852957028079, 0.08823179774827276]
[0.04882852957028079, 0.08823179774827276, 0.06793325726655758]
[0.08823179774827276, 0.06793325726655758, 0.10791994524056442]
[0.06793325726655758, 0.10791994524056442, 0.09904411114705483]
[0.10791994524056442, 0.09904411114705483, 0.06765994619823393]
[0.09904411114705483, 0.06765994619823393, 0.07349253620666676]
[0.06765994619823393, 0.07349253620666676, 0.07649078155539527]
[0.07349253620666676, 0.07649078155539527, 0.10071054937553023]
[0.07649078155539527, 0.10071054937553023, 0.0851038909429736]
[0.10071054937553023, 0.0851038909429736, 0.08054911354665834]
[0.0851038909429736, 0.08054911354665834, 0.07803835910123058]
[0.08054911354665834, 0.07803835910123058, 0.06517381330008046]
[0.07803835910123058, 0.06517381330008046, 0.08740226251770714]
[0.06517381330008046, 0.08740226251770714, 0.0913766711050277]
[0.08740226251770714, 0.0913766711050277, 0.09008821303237122]
[0.0913766711050277, 0.09008821303237122, 0.05870279012674126]
[0.09008821303237122, 0.05870279012674126, 0.12492426979693885]
[0.05870279012674126, 0.12492426979693885, 0.08931556687950606]
[0.12492426979693885, 0.08931556687950606, 0.0913120901679961]
[0.08931556687950606, 0.0913120901679961, 0.10029728904246875]
[0.0913120901679961, 0.10029728904246875, 0.05792628933840691]
[0.10029728904246875, 0.05792628933840691, 0.11291881789148754]
[0.05792628933840691, 0.11291881789148754, 0.08494535289460234]
[0.11291881789148754, 0.08494535289460234, 0.12613640828668082]
[0.08494535289460234, 0.12613640828668082, 0.13409401349214617]
[0.12613640828668082, 0.13409401349214617, 0.14477854629183884]
[0.13409401349214617, 0.14477854629183884, 0.1449007075858761]
[0.14477854629183884, 0.1449007075858761, 0.1368477371847061]
[0.1449007075858761, 0.1368477371847061, 0.17889312508270375]
[0.1368477371847061, 0.17889312508270375, 0.1429705007248579]
[0.17889312508270375, 0.1429705007248579, 0.15338016891681794]
[0.1429705007248579, 0.15338016891681794, 0.20522989687137083]
[0.15338016891681794, 0.20522989687137083, 0.1727837457862691]
[0.20522989687137083, 0.1727837457862691, 0.10269290716880408]
[0.1727837457862691, 0.10269290716880408, 0.16935147272116974]
[0.10269290716880408, 0.16935147272116974, 0.16202762688366035]
[0.16935147272116974, 0.16202762688366035, 0.19177662357839248]
[0.16202762688366035, 0.19177662357839248, 0.146526470094896]
[0.19177662357839248, 0.146526470094896, 0.20391446624883663]
[0.146526470094896, 0.20391446624883663, 0.16832781365777627]
[0.20391446624883663, 0.16832781365777627, 0.17270064743955527]
[0.16832781365777627, 0.17270064743955527, 0.18822155730331128]
[0.17270064743955527, 0.18822155730331128, 0.1830188635869886]
[0.18822155730331128, 0.1830188635869886, 0.1677957656539973]
[0.1830188635869886, 0.1677957656539973, 0.1657095407974044]
[0.1677957656539973, 0.1657095407974044, 0.1278451889361446]
[0.1657095407974044, 0.1278451889361446, 0.12894087543371463]
[0.1278451889361446, 0.12894087543371463, 0.09803893958731175]
[0.12894087543371463, 0.09803893958731175, 0.074564808182421]
[0.09803893958731175, 0.074564808182421, 0.0861117957842039]
[0.074564808182421, 0.0861117957842039, 0.08157465113081923]
[0.0861117957842039, 0.08157465113081923, 0.11601471234017874]
[0.08157465113081923, 0.11601471234017874, 0.15755298780947374]
[0.11601471234017874, 0.15755298780947374, 0.11016250408927174]
[0.15755298780947374, 0.11016250408927174, 0.13402060885750552]
[0.11016250408927174, 0.13402060885750552, 0.0997548679112264]
[0.13402060885750552, 0.0997548679112264, 0.12255845756918957]
[0.0997548679112264, 0.12255845756918957, 0.0887050972975662]
[0.12255845756918957, 0.0887050972975662, 0.12063061874258835]
[0.0887050972975662, 0.12063061874258835, 0.10875457142493511]
[0.12063061874258835, 0.10875457142493511, 0.057612362550097676]
[0.10875457142493511, 0.057612362550097676, 0.05640004566316829]
[0.057612362550097676, 0.05640004566316829, 0.09311305310182638]
[0.05640004566316829, 0.09311305310182638, 0.12782945008546176]
[0.09311305310182638, 0.12782945008546176, 0.11105078598020646]
[0.12782945008546176, 0.11105078598020646, 0.10564039837478709]
[0.11105078598020646, 0.10564039837478709, 0.12629236863556784]
[0.10564039837478709, 0.12629236863556784, 0.16807836631437417]
[0.12629236863556784, 0.16807836631437417, 0.11929930339131557]
[0.16807836631437417, 0.11929930339131557, 0.11401030001450688]
[0.11929930339131557, 0.11401030001450688, 0.1621009628618686]
[0.11401030001450688, 0.1621009628618686, 0.15106187948119298]
[0.1621009628618686, 0.15106187948119298, 0.10187719013710907]
[0.15106187948119298, 0.10187719013710907, 0.16159554287797942]
[0.10187719013710907, 0.16159554287797942, 0.1651818074210571]
[0.16159554287797942, 0.1651818074210571, 0.17134743250612416]
[0.1651818074210571, 0.17134743250612416, 0.16165237559864756]
[0.17134743250612416, 0.16165237559864756, 0.1617959847014912]
[0.16165237559864756, 0.1617959847014912, 0.20380713556865293]
[0.1617959847014912, 0.20380713556865293, 0.17056701797749443]
[0.20380713556865293, 0.17056701797749443, 0.1750826883857124]
[0.17056701797749443, 0.1750826883857124, 0.16159554287797942]
[0.1750826883857124, 0.16159554287797942, 0.13224236929086225]
[0.16159554287797942, 0.13224236929086225, 0.14831773894708788]
[0.13224236929086225, 0.14831773894708788, 0.14303348320134052]
[0.14831773894708788, 0.14303348320134052, 0.09564039837478709]
[0.14303348320134052, 0.09564039837478709, 0.08798429649873654]
[0.09564039837478709, 0.08798429649873654, 0.1755287779062622]
[0.08798429649873654, 0.1755287779062622, 0.09231895695487283]
[0.1755287779062622, 0.09231895695487283, 0.17139764615311062]
[0.09231895695487283, 0.17139764615311062, 0.13959079947226866]
[0.17139764615311062, 0.13959079947226866, 0.07587111797327487]
[0.13959079947226866, 0.07587111797327487, 0.13981885620307924]
[0.07587111797327487, 0.13981885620307924, 0.15432915794824542]
[0.13981885620307924, 0.15432915794824542, 0.11913813023893996]
[0.15432915794824542, 0.11913813023893996, 0.16390428007896]
[0.11913813023893996, 0.16390428007896, 0.1788638764937207]
[0.16390428007896, 0.1788638764937207, 0.19890329178128652]
[0.1788638764937207, 0.19890329178128652, 0.17385779133593487]
[0.19890329178128652, 0.17385779133593487, 0.16938512566317984]
[0.17385779133593487, 0.16938512566317984, 0.11035856690332804]
[0.16938512566317984, 0.11035856690332804, 0.0841190031169904]
[0.11035856690332804, 0.0841190031169904, 0.0887050972975662]
[0.0841190031169904, 0.0887050972975662, 0.1102076565323784]
[0.0887050972975662, 0.1102076565323784, 0.20099747478656044]
[0.1102076565323784, 0.20099747478656044, 0.14534560329620222]
[0.20099747478656044, 0.14534560329620222, 0.14020213572759133]
[0.14534560329620222, 0.14020213572759133, 0.10895516038678965]
[0.14020213572759133, 0.10895516038678965, 0.14140511886909918]
[0.10895516038678965, 0.14140511886909918, 0.1811555711290073]
[0.14140511886909918, 0.1811555711290073, 0.10778336877705652]
[0.1811555711290073, 0.10778336877705652, 0.10705007767386526]
[0.10778336877705652, 0.10705007767386526, 0.1286555767844948]
[0.10705007767386526, 0.1286555767844948, 0.16057926735234046]
[0.1286555767844948, 0.16057926735234046, 0.17075515853420337]
[0.16057926735234046, 0.17075515853420337, 0.14177567318709244]
[0.17075515853420337, 0.14177567318709244, 0.14239712312762162]
[0.14177567318709244, 0.14239712312762162, 0.13715757223663827]
[0.14239712312762162, 0.13715757223663827, 0.17906505120281402]
[0.13715757223663827, 0.17906505120281402, 0.14038957355393397]
[0.17906505120281402, 0.14038957355393397, 0.14131603609443288]
[0.14038957355393397, 0.14131603609443288, 0.17139764615311062]
[0.14131603609443288, 0.17139764615311062, 0.15342309505452018]
[0.17139764615311062, 0.15342309505452018, 0.18226893117654913]
[0.15342309505452018, 0.18226893117654913, 0.19728891059889653]
[0.18226893117654913, 0.19728891059889653, 0.1626060188700439]
[0.19728891059889653, 0.1626060188700439, 0.11786786564947146]
[0.1626060188700439, 0.11786786564947146, 0.023213591945895142]
[0.11786786564947146, 0.023213591945895142, 0.08470471009614138]
[0.023213591945895142, 0.08470471009614138, 0.02961145421248673]
[0.08470471009614138, 0.02961145421248673, 0.17097261612228606]
[0.02961145421248673, 0.17097261612228606, 0.15671314407923284]
[0.17097261612228606, 0.15671314407923284, 0.09423165280028628]
[0.15671314407923284, 0.09423165280028628, 0.09412119182335332]
[0.09423165280028628, 0.09412119182335332, 0.08134491152973616]
[0.09412119182335332, 0.08134491152973616, 0.07537639226061477]
[0.08134491152973616, 0.07537639226061477, 0.09354994968728331]
[0.07537639226061477, 0.09354994968728331, 0.07191027452002371]
[0.09354994968728331, 0.07191027452002371, 0.07915997947420156]
[0.07191027452002371, 0.07915997947420156, 0.1293726273584811]
[0.07915997947420156, 0.1293726273584811, 0.1279861223535]
[0.1293726273584811, 0.1279861223535, 0.15335245944034653]
[0.1279861223535, 0.15335245944034653, 0.12057014026731708]
[0.15335245944034653, 0.12057014026731708, 0.1341126236210891]
[0.12057014026731708, 0.1341126236210891, 0.11903065834484608]
[0.1341126236210891, 0.11903065834484608, 0.0997548679112264]
[0.11903065834484608, 0.0997548679112264, 0.11103486323622196]
[0.0997548679112264, 0.11103486323622196, 0.09088280718356294]
[0.11103486323622196, 0.09088280718356294, 0.11349862364070223]
[0.09088280718356294, 0.11349862364070223, 0.05934975130067867]
[0.11349862364070223, 0.05934975130067867, 0.0887050972975662]
[0.05934975130067867, 0.0887050972975662, 0.1096724043547049]
[0.0887050972975662, 0.1096724043547049, 0.08917018296154788]
[0.1096724043547049, 0.08917018296154788, 0.09520640496504491]
[0.08917018296154788, 0.09520640496504491, 0.08100795519004375]
[0.09520640496504491, 0.08100795519004375, 0.09518419703449701]
[0.08100795519004375, 0.09518419703449701, 0.07374714075341604]
[0.09518419703449701, 0.07374714075341604, 0.06764001802463426]
[0.07374714075341604, 0.06764001802463426, 0.10305053054759095]
[0.06764001802463426, 0.10305053054759095, 0.10050383262121582]
[0.10305053054759095, 0.10050383262121582, 0.09462983445104753]
[0.10050383262121582, 0.09462983445104753, 0.07495321270791917]
[0.09462983445104753, 0.07495321270791917, 0.07818015408779275]
[0.07495321270791917, 0.07818015408779275, 0.07675679419426604]
[0.07818015408779275, 0.07675679419426604, 0.08919441113815826]
[0.07675679419426604, 0.08919441113815826, 0.09294178681665388]
[0.08919441113815826, 0.09294178681665388, 0.06395945184019884]
[0.09294178681665388, 0.06395945184019884, 0.09025009984574892]
[0.06395945184019884, 0.09025009984574892, 0.10543148292854333]
[0.09025009984574892, 0.10543148292854333, 0.12094259477793057]
[0.10543148292854333, 0.12094259477793057, 0.10543148292854333]
[0.12094259477793057, 0.10543148292854333, 0.10531586992088271]
[0.10543148292854333, 0.10531586992088271, 0.07654344047215152]
[0.10531586992088271, 0.07654344047215152, 0.07497107990855174]
[0.07654344047215152, 0.07497107990855174, 0.11173309979059935]
[0.07497107990855174, 0.11173309979059935, 0.10522717726118958]
[0.11173309979059935, 0.10522717726118958, 0.09923309979059936]
[0.10522717726118958, 0.09923309979059936, 0.09229607400349843]
[0.09923309979059936, 0.09229607400349843, 0.11173309979059935]
[0.09229607400349843, 0.11173309979059935, 0.1085205735980653]
[0.11173309979059935, 0.1085205735980653, 0.09810915245820702]
[0.1085205735980653, 0.09810915245820702, 0.09496681451962871]
[0.09810915245820702, 0.09496681451962871, 0.08899064336825273]
[0.09496681451962871, 0.08899064336825273, 0.09789355625608406]
[0.08899064336825273, 0.09789355625608406, 0.11173309979059935]
[0.09789355625608406, 0.11173309979059935, 0.13763194136318474]
[0.11173309979059935, 0.13763194136318474, 0.11167071673449158]
[0.13763194136318474, 0.11167071673449158, 0.08572283475883091]
[0.11167071673449158, 0.08572283475883091, 0.10228000920291361]
[0.08572283475883091, 0.10228000920291361, 0.10234239225902138]
[0.10228000920291361, 0.10234239225902138, 0.05502790349588216]
[0.10234239225902138, 0.05502790349588216, 0.06921159739590516]
[0.05502790349588216, 0.06921159739590516, 0.05873601069965232]
[0.06921159739590516, 0.05873601069965232, 0.05499671196782828]
[0.05873601069965232, 0.05499671196782828, 0.09133855565053381]
[0.05499671196782828, 0.09133855565053381, 0.07497107990855174]
[0.09133855565053381, 0.07497107990855174, 0.09298779181108202]
[0.07497107990855174, 0.09298779181108202, 0.07596438556003463]
[0.09298779181108202, 0.07596438556003463, 0.0618854818437964]
[0.07596438556003463, 0.0618854818437964, 0.1003071123424214]
[0.0618854818437964, 0.1003071123424214, 0.09783934409816493]
[0.1003071123424214, 0.09783934409816493, 0.09814261017791924]
[0.09783934409816493, 0.09814261017791924, 0.17377327788679597]
[0.09814261017791924, 0.17377327788679597, 0.0903972590625601]
[0.17377327788679597, 0.0903972590625601, 0.07244199266956752]
[0.0903972590625601, 0.07244199266956752, 0.1049697822456158]
[0.07244199266956752, 0.1049697822456158, 0.11360350897945368]
[0.1049697822456158, 0.11360350897945368, 0.11791664380511667]
[0.11360350897945368, 0.11791664380511667, 0.12441151930695755]
[0.11791664380511667, 0.12441151930695755, 0.1408806140353459]
[0.12441151930695755, 0.1408806140353459, 0.14397187250889326]
[0.1408806140353459, 0.14397187250889326, 0.14398876605362804]
[0.14397187250889326, 0.14398876605362804, 0.08693453968792593]
[0.14398876605362804, 0.08693453968792593, 0.06608314537734994]
[0.08693453968792593, 0.06608314537734994, 0.049145078141143494]
[0.06608314537734994, 0.049145078141143494, 0.0330506031772963]
[0.049145078141143494, 0.0330506031772963, 0.08160371840692256]
[0.0330506031772963, 0.08160371840692256, 0.07787656867343318]
[0.08160371840692256, 0.07787656867343318, 0.07506170376918384]
[0.07787656867343318, 0.07506170376918384, 0.1827185372727096]
[0.07506170376918384, 0.1827185372727096, 0.16466537537331377]
[0.1827185372727096, 0.16466537537331377, 0.11908484127657408]
[0.16466537537331377, 0.11908484127657408, 0.14039194644844327]
[0.11908484127657408, 0.14039194644844327, 0.16058450419742587]
[0.14039194644844327, 0.16058450419742587, 0.11800849932045773]
[0.16058450419742587, 0.11800849932045773, 0.15168273617735994]
[0.11800849932045773, 0.15168273617735994, 0.14166459485547572]
[0.15168273617735994, 0.14166459485547572, 0.17243392742315178]
[0.14166459485547572, 0.17243392742315178, 0.15342684413980257]
[0.17243392742315178, 0.15342684413980257, 0.1687518082190321]
[0.15342684413980257, 0.1687518082190321, 0.17366106310804613]
[0.1687518082190321, 0.17366106310804613, 0.15173784521185177]
[0.17366106310804613, 0.15173784521185177, 0.13767887902941767]
[0.15173784521185177, 0.13767887902941767, 0.1402425613168097]
[0.13767887902941767, 0.1402425613168097, 0.1833282970853168]
[0.1402425613168097, 0.1833282970853168, 0.16760471226612655]
[0.1833282970853168, 0.16760471226612655, 0.17951562281766614]
[0.16760471226612655, 0.17951562281766614, 0.17647125648694623]
[0.17951562281766614, 0.17647125648694623, 0.1741284221523629]
[0.17647125648694623, 0.1741284221523629, 0.14201105349012771]
[0.1741284221523629, 0.14201105349012771, 0.17139764615311062]
[0.14201105349012771, 0.17139764615311062, 0.1413034206586684]
[0.17139764615311062, 0.1413034206586684, 0.13899593171493158]
[0.1413034206586684, 0.13899593171493158, 0.15053046463998793]
[0.13899593171493158, 0.15053046463998793, 0.18511722506371098]
[0.15053046463998793, 0.18511722506371098, 0.17139764615311062]
[0.18511722506371098, 0.17139764615311062, 0.08798429649873654]
[0.17139764615311062, 0.08798429649873654, 0.1809791526449312]
[0.08798429649873654, 0.1809791526449312, 0.17847047802357555]
[0.1809791526449312, 0.17847047802357555, 0.06950383993951027]
[0.17847047802357555, 0.06950383993951027, 0.1496281757168104]
[0.06950383993951027, 0.1496281757168104, 0.11834658372691961]
[0.1496281757168104, 0.11834658372691961, 0.16340047286186782]
[0.11834658372691961, 0.16340047286186782, 0.13638853265930867]
[0.16340047286186782, 0.13638853265930867, 0.12201842737748732]
[0.13638853265930867, 0.12201842737748732, 0.1505965014331112]
[0.12201842737748732, 0.1505965014331112, 0.0874515481051317]
[0.1505965014331112, 0.0874515481051317, 0.1207664898007243]
[0.0874515481051317, 0.1207664898007243, 0.13453015509174276]
[0.1207664898007243, 0.13453015509174276, 0.16933911598767676]
[0.13453015509174276, 0.16933911598767676, 0.15272576429629897]
[0.16933911598767676, 0.15272576429629897, 0.14102572267385505]
[0.15272576429629897, 0.14102572267385505, 0.10166306254388156]
[0.14102572267385505, 0.10166306254388156, 0.1126585954652437]
[0.10166306254388156, 0.1126585954652437, 0.09424608510171803]
[0.1126585954652437, 0.09424608510171803, 0.10249839830036486]
[0.09424608510171803, 0.10249839830036486, 0.06492573558378825]
[0.10249839830036486, 0.06492573558378825, 0.06509480178898966]
[0.06492573558378825, 0.06509480178898966, 0.09012646679604122]
[0.06509480178898966, 0.09012646679604122, 0.06825307192746874]
[0.09012646679604122, 0.06825307192746874, 0.11275360679488516]
[0.06825307192746874, 0.11275360679488516, 0.09597837079913785]
[0.11275360679488516, 0.09597837079913785, 0.091224126529896]
[0.09597837079913785, 0.091224126529896, 0.1004656086543554]
[0.091224126529896, 0.1004656086543554, 0.13252343867495367]
[0.1004656086543554, 0.13252343867495367, 0.11518090855355888]
[0.13252343867495367, 0.11518090855355888, 0.14467653200238195]
[0.11518090855355888, 0.14467653200238195, 0.13034425731969285]
[0.14467653200238195, 0.13034425731969285, 0.13326732779243539]
[0.13034425731969285, 0.13326732779243539, 0.11876764959447952]
[0.13326732779243539, 0.11876764959447952, 0.08934937884284008]
[0.11876764959447952, 0.08934937884284008, 0.11278917716767733]
[0.08934937884284008, 0.11278917716767733, 0.1154981529426537]
[0.11278917716767733, 0.1154981529426537, 0.11213712962290284]
[0.1154981529426537, 0.11213712962290284, 0.13009559622953054]
[0.11213712962290284, 0.13009559622953054, 0.0851038909429736]
[0.13009559622953054, 0.0851038909429736, 0.13440265270944865]
[0.0851038909429736, 0.13440265270944865, 0.10291766068689318]
[0.13440265270944865, 0.10291766068689318, 0.08494535289460234]
[0.10291766068689318, 0.08494535289460234, 0.09126863171834435]
[0.08494535289460234, 0.09126863171834435, 0.09602693141638623]
[0.09126863171834435, 0.09602693141638623, 0.0963730602680296]
[0.09602693141638623, 0.0963730602680296, 0.12758049118221754]
[0.0963730602680296, 0.12758049118221754, 0.12115622963381995]
[0.12758049118221754, 0.12115622963381995, 0.14158024359559987]
[0.12115622963381995, 0.14158024359559987, 0.09412575132841265]
[0.14158024359559987, 0.09412575132841265, 0.10525644158958222]
[0.09412575132841265, 0.10525644158958222, 0.09654962025262923]
[0.10525644158958222, 0.09654962025262923, 0.09873228187011063]
[0.09654962025262923, 0.09873228187011063, 0.12062854796283426]
[0.09873228187011063, 0.12062854796283426, 0.09873228187011063]
[0.12062854796283426, 0.09873228187011063, 0.11523252756995273]
[0.09873228187011063, 0.11523252756995273, 0.09153025441295387]
[0.11523252756995273, 0.09153025441295387, 0.0890712129806644]
[0.09153025441295387, 0.0890712129806644, 0.07108730232682554]
[0.0890712129806644, 0.07108730232682554, 0.07862745484813372]
[0.07108730232682554, 0.07862745484813372, 0.07862745484813372]
[0.07862745484813372, 0.07862745484813372, 0.09149200064928387]
[0.07862745484813372, 0.09149200064928387, 0.0934053050110828]
[0.09149200064928387, 0.0934053050110828, 0.10579510722935001]
[0.0934053050110828, 0.10579510722935001, 0.09655287962544565]
[0.10579510722935001, 0.09655287962544565, 0.10492547999983423]
[0.09655287962544565, 0.10492547999983423, 0.11957435814368231]
[0.10492547999983423, 0.11957435814368231, 0.11929510211404956]
[0.11957435814368231, 0.11929510211404956, 0.09084177059030465]
[0.11929510211404956, 0.09084177059030465, 0.14692661920957914]
[0.09084177059030465, 0.14692661920957914, 0.18710492550685098]
[0.14692661920957914, 0.18710492550685098, 0.17262818785229375]
[0.18710492550685098, 0.17262818785229375, 0.16708883831618226]
[0.17262818785229375, 0.16708883831618226, 0.0934053050110828]
[0.16708883831618226, 0.0934053050110828, 0.1283548970028328]
[0.0934053050110828, 0.1283548970028328, 0.12062854796283426]
[0.1283548970028328, 0.12062854796283426, 0.10525644158958222]
[0.12062854796283426, 0.10525644158958222, 0.15895927772544682]
[0.10525644158958222, 0.15895927772544682, 0.13165228173139523]
[0.15895927772544682, 0.13165228173139523, 0.12617374208689963]
[0.13165228173139523, 0.12617374208689963, 0.10734316748016262]
[0.12617374208689963, 0.10734316748016262, 0.15117607311277506]
[0.10734316748016262, 0.15117607311277506, 0.14663053505355952]
[0.15117607311277506, 0.14663053505355952, 0.09788899561845162]
[0.14663053505355952, 0.09788899561845162, 0.136262655885457]
[0.09788899561845162, 0.136262655885457, 0.06680340973549828]
[0.136262655885457, 0.06680340973549828, 0.11478494839948106]
[0.06680340973549828, 0.11478494839948106, 0.047696081199218844]
[0.11478494839948106, 0.047696081199218844, 0.08903509102617906]
[0.047696081199218844, 0.08903509102617906, 0.14663053505355952]
[0.08903509102617906, 0.14663053505355952, 0.0703941294345412]
[0.14663053505355952, 0.0703941294345412, 0.07103555349049119]
[0.0703941294345412, 0.07103555349049119, 0.10038462297416675]
[0.07103555349049119, 0.10038462297416675, 0.0685638946328746]
[0.10038462297416675, 0.0685638946328746, 0.10088622760467848]
[0.0685638946328746, 0.10088622760467848, 0.11606036296063083]
[0.10088622760467848, 0.11606036296063083, 0.10722307475352878]
[0.11606036296063083, 0.10722307475352878, 0.16242702886830646]
[0.10722307475352878, 0.16242702886830646, 0.1251133275186247]
[0.16242702886830646, 0.1251133275186247, 0.08923181608211607]
[0.1251133275186247, 0.08923181608211607, 0.10657004132868128]
[0.08923181608211607, 0.10657004132868128, 0.11482598499273933]
[0.10657004132868128, 0.11482598499273933, 0.11832435753690859]
[0.11482598499273933, 0.11832435753690859, 0.11611574765865895]
[0.11832435753690859, 0.11611574765865895, 0.10764436984266978]
[0.11611574765865895, 0.10764436984266978, 0.09088280718356294]
[0.10764436984266978, 0.09088280718356294, 0.16410059077515748]
[0.09088280718356294, 0.16410059077515748, 0.20789614978454019]
[0.16410059077515748, 0.20789614978454019, 0.14649773608775782]
[0.20789614978454019, 0.14649773608775782, 0.09368048102672308]
[0.14649773608775782, 0.09368048102672308, 0.10631393385464025]
[0.09368048102672308, 0.10631393385464025, 0.1382473854896392]
[0.10631393385464025, 0.1382473854896392, 0.13484542203378375]
[0.1382473854896392, 0.13484542203378375, 0.10764436984266978]
[0.13484542203378375, 0.10764436984266978, 0.09100237369175634]
[0.10764436984266978, 0.09100237369175634, 0.11219505803200036]
[0.09100237369175634, 0.11219505803200036, 0.08949511525393612]
[0.11219505803200036, 0.08949511525393612, 0.12203698695320775]
[0.08949511525393612, 0.12203698695320775, 0.1390696697469784]
[0.12203698695320775, 0.1390696697469784, 0.09088280718356294]
[0.1390696697469784, 0.09088280718356294, 0.10631393385464025]
[0.09088280718356294, 0.10631393385464025, 0.1026943539695156]
[0.10631393385464025, 0.1026943539695156, 0.08054814248089467]
[0.1026943539695156, 0.08054814248089467, 0.09661667800274656]
[0.08054814248089467, 0.09661667800274656, 0.12182163399389456]
[0.09661667800274656, 0.12182163399389456, 0.0890712129806644]
[0.12182163399389456, 0.0890712129806644, 0.07784579122848947]
[0.0890712129806644, 0.07784579122848947, 0.08567548795741889]
[0.07784579122848947, 0.08567548795741889, 0.08783442090591848]
[0.08567548795741889, 0.08783442090591848, 0.11963993569999007]
[0.08783442090591848, 0.11963993569999007, 0.07216096202857485]
[0.11963993569999007, 0.07216096202857485, 0.07649078155539527]
[0.07216096202857485, 0.07649078155539527, 0.0840462310429959]
[0.07649078155539527, 0.0840462310429959, 0.06311306135592269]
[0.0840462310429959, 0.06311306135592269, 0.0850377349111045]
[0.06311306135592269, 0.0850377349111045, 0.07524390178291294]
[0.0850377349111045, 0.07524390178291294, 0.08308109970479427]
[0.07524390178291294, 0.08308109970479427, 0.062462134898469426]
[0.08308109970479427, 0.062462134898469426, 0.09925641508403557]
[0.062462134898469426, 0.09925641508403557, 0.08500577325997608]
[0.09925641508403557, 0.08500577325997608, 0.05163343285286418]
[0.08500577325997608, 0.05163343285286418, 0.07245414448568732]
[0.05163343285286418, 0.07245414448568732, 0.06115963759284531]
[0.07245414448568732, 0.06115963759284531, 0.08583915632214645]
[0.06115963759284531, 0.08583915632214645, 0.058944448962697536]
[0.08583915632214645, 0.058944448962697536, 0.0817479302836254]
[0.058944448962697536, 0.0817479302836254, 0.08574372911471986]
[0.0817479302836254, 0.08574372911471986, 0.07980644999127462]
[0.08574372911471986, 0.07980644999127462, 0.07830573324264939]
[0.07980644999127462, 0.07830573324264939, 0.07191027452002371]
[0.07830573324264939, 0.07191027452002371, 0.05347717744543637]
[0.07191027452002371, 0.05347717744543637, 0.06087535780542651]
[0.05347717744543637, 0.06087535780542651, 0.08276026726321965]
[0.06087535780542651, 0.08276026726321965, 0.05704415165153984]
[0.08276026726321965, 0.05704415165153984, 0.08276026726321965]
[0.05704415165153984, 0.08276026726321965, 0.07814819564068128]
[0.08276026726321965, 0.07814819564068128, 0.09825228183337636]
[0.07814819564068128, 0.09825228183337636, 0.08283592418404113]
[0.09825228183337636, 0.08283592418404113, 0.07521969650492377]
[0.08283592418404113, 0.07521969650492377, 0.07749999647747782]
[0.07521969650492377, 0.07749999647747782, 0.10744840324841601]
[0.07749999647747782, 0.10744840324841601, 0.08283592418404113]
[0.10744840324841601, 0.08283592418404113, 0.06505639607806346]
[0.08283592418404113, 0.06505639607806346, 0.08359877955283607]
[0.06505639607806346, 0.08359877955283607, 0.09933116316340065]
[0.08359877955283607, 0.09933116316340065, 0.09933116316340065]
[0.09933116316340065, 0.09933116316340065, 0.07266094522836732]
[0.09933116316340065, 0.07266094522836732, 0.11441768721834704]
[0.07266094522836732, 0.11441768721834704, 0.08191386035583738]
[0.11441768721834704, 0.08191386035583738, 0.0719282558048496]
[0.08191386035583738, 0.0719282558048496, 0.07965893691044011]
[0.0719282558048496, 0.07965893691044011, 0.09076102357942721]
[0.07965893691044011, 0.09076102357942721, 0.08860208314646492]
[0.09076102357942721, 0.08860208314646492, 0.08191386035583738]
[0.08860208314646492, 0.08191386035583738, 0.07481968620024104]
[0.08191386035583738, 0.07481968620024104, 0.09076102357942721]
[0.07481968620024104, 0.09076102357942721, 0.08850436206694627]
[0.09076102357942721, 0.08850436206694627, 0.07446607460532269]
[0.08850436206694627, 0.07446607460532269, 0.09396456527813105]
[0.07446607460532269, 0.09396456527813105, 0.10840002331305602]
[0.09396456527813105, 0.10840002331305602, 0.08119438230101568]
[0.10840002331305602, 0.08119438230101568, 0.08357597573769004]
[0.08119438230101568, 0.08357597573769004, 0.08754847127926454]
[0.08357597573769004, 0.08754847127926454, 0.08348609414962507]
[0.08754847127926454, 0.08348609414962507, 0.0834192123379009]
[0.08348609414962507, 0.0834192123379009, 0.08584418308854849]
[0.0834192123379009, 0.08584418308854849, 0.10001393870689727]
[0.08584418308854849, 0.10001393870689727, 0.07556885156893935]
[0.10001393870689727, 0.07556885156893935, 0.0834192123379009]
[0.07556885156893935, 0.0834192123379009, 0.08412493666332085]
[0.0834192123379009, 0.08412493666332085, 0.06306171583860655]
[0.08412493666332085, 0.06306171583860655, 0.06155711991075356]
[0.06306171583860655, 0.06155711991075356, 0.05297676825837086]
[0.06155711991075356, 0.05297676825837086, 0.07799535811915814]
[0.05297676825837086, 0.07799535811915814, 0.097445079307905]
[0.07799535811915814, 0.097445079307905, 0.08887493972393154]
[0.097445079307905, 0.08887493972393154, 0.07552260456640633]
[0.08887493972393154, 0.07552260456640633, 0.0818567293124624]
[0.07552260456640633, 0.0818567293124624, 0.09472381307527653]
[0.0818567293124624, 0.09472381307527653, 0.10001393870689727]
[0.09472381307527653, 0.10001393870689727, 0.08332933074983591]
[0.10001393870689727, 0.08332933074983591, 0.09961558034759442]
[0.08332933074983591, 0.09961558034759442, 0.08195249107892882]
[0.09961558034759442, 0.08195249107892882, 0.07505270514190476]
[0.08195249107892882, 0.07505270514190476, 0.07889608154164518]
[0.07505270514190476, 0.07889608154164518, 0.08519530961181541]
[0.07889608154164518, 0.08519530961181541, 0.08292710226095697]
[0.08519530961181541, 0.08292710226095697, 0.08311874743890205]
[0.08292710226095697, 0.08311874743890205, 0.0852802639284061]
[0.08311874743890205, 0.0852802639284061, 0.08522708006850546]
[0.0852802639284061, 0.08522708006850546, 0.0860119161790249]
[0.08522708006850546, 0.0860119161790249, 0.07871902776928517]
[0.0860119161790249, 0.07871902776928517, 0.0806040340020199]
[0.07871902776928517, 0.0806040340020199, 0.08066936780093442]
[0.0806040340020199, 0.08066936780093442, 0.08202697616002838]
[0.08066936780093442, 0.08202697616002838, 0.06220979198332992]
[0.08202697616002838, 0.06220979198332992, 0.07693961425134115]
[0.06220979198332992, 0.07693961425134115, 0.06255596716202783]
[0.07693961425134115, 0.06255596716202783, 0.07098285883956724]
[0.06255596716202783, 0.07098285883956724, 0.06814825707962885]
[0.07098285883956724, 0.06814825707962885, 0.07232683184328462]
[0.06814825707962885, 0.07232683184328462, 0.08926455981404091]
[0.07232683184328462, 0.08926455981404091, 0.08405549268415771]
[0.08926455981404091, 0.08405549268415771, 0.044953861537551196]
[0.08405549268415771, 0.044953861537551196, 0.0861117957842039]
[0.044953861537551196, 0.0861117957842039, 0.07504985792800573]
[0.0861117957842039, 0.07504985792800573, 0.07776870729458718]
[0.07504985792800573, 0.07776870729458718, 0.07394931599722016]
[0.07776870729458718, 0.07394931599722016, 0.08865891257326414]
[0.07394931599722016, 0.08865891257326414, 0.07860204609918406]
[0.08865891257326414, 0.07860204609918406, 0.08787241827620543]
[0.07860204609918406, 0.08787241827620543, 0.09075425960741335]
[0.08787241827620543, 0.09075425960741335, 0.08753778463994152]
[0.09075425960741335, 0.08753778463994152, 0.09005797247631006]
[0.08753778463994152, 0.09005797247631006, 0.06527865422312348]
[0.09005797247631006, 0.06527865422312348, 0.0469761326747308]
[0.06527865422312348, 0.0469761326747308, 0.09126863171834435]
[0.0469761326747308, 0.09126863171834435, 0.053856845044765636]
[0.09126863171834435, 0.053856845044765636, 0.10175237240095425]
[0.053856845044765636, 0.10175237240095425, 0.0887050972975662]
[0.10175237240095425, 0.0887050972975662, 0.06517381330008046]
[0.0887050972975662, 0.06517381330008046, 0.06669546468065077]
[0.06517381330008046, 0.06669546468065077, 0.07862745484813372]
[0.06669546468065077, 0.07862745484813372, 0.11302940851925111]
[0.07862745484813372, 0.11302940851925111, 0.07899063401180523]
[0.11302940851925111, 0.07899063401180523, 0.09337484122019918]
[0.07899063401180523, 0.09337484122019918, 0.057272021873651754]
[0.09337484122019918, 0.057272021873651754, 0.06960108357865843]
[0.057272021873651754, 0.06960108357865843, 0.06989181284010479]
[0.06960108357865843, 0.06989181284010479, 0.08232977771772966]
[0.06989181284010479, 0.08232977771772966, 0.09534527786254221]
[0.08232977771772966, 0.09534527786254221, 0.09344876346073457]
[0.09534527786254221, 0.09344876346073457, 0.10316211902038024]
[0.09344876346073457, 0.10316211902038024, 0.0959960573990706]
[0.10316211902038024, 0.0959960573990706, 0.0959383756409773]
[0.0959960573990706, 0.0959383756409773, 0.0646083329517265]
[0.0959383756409773, 0.0646083329517265, 0.09441856041754701]
[0.0646083329517265, 0.09441856041754701, 0.11205960559435219]
[0.09441856041754701, 0.11205960559435219, 0.08750660942973823]
[0.11205960559435219, 0.08750660942973823, 0.09549675314580969]
[0.08750660942973823, 0.09549675314580969, 0.09809572564202376]
[0.09549675314580969, 0.09809572564202376, 0.08399336263287972]
[0.09809572564202376, 0.08399336263287972, 0.08232977771772966]
[0.08399336263287972, 0.08232977771772966, 0.08704863392620849]
[0.08232977771772966, 0.08704863392620849, 0.11624771708513558]
[0.08704863392620849, 0.11624771708513558, 0.10111524293606908]
[0.11624771708513558, 0.10111524293606908, 0.10823404153486116]
[0.10111524293606908, 0.10823404153486116, 0.09281830752927106]
[0.10823404153486116, 0.09281830752927106, 0.09133455954311068]
[0.09281830752927106, 0.09133455954311068, 0.09403930516677372]
[0.09133455954311068, 0.09403930516677372, 0.08085681144711163]
[0.09403930516677372, 0.08085681144711163, 0.08643330134993046]
[0.08085681144711163, 0.08643330134993046, 0.12286490708025519]
[0.08643330134993046, 0.12286490708025519, 0.07334770328517512]
[0.12286490708025519, 0.07334770328517512, 0.07569565651660859]
[0.07334770328517512, 0.07569565651660859, 0.09341587781345745]
[0.07569565651660859, 0.09341587781345745, 0.04668742061009959]
[0.09341587781345745, 0.04668742061009959, 0.08402852603480132]
[0.04668742061009959, 0.08402852603480132, 0.08923181608211607]
[0.08402852603480132, 0.08923181608211607, 0.08467616639776565]
[0.08923181608211607, 0.08467616639776565, 0.059958107203770164]
[0.08467616639776565, 0.059958107203770164, 0.0788151494154494]
[0.059958107203770164, 0.0788151494154494, 0.07663056945278598]
[0.0788151494154494, 0.07663056945278598, 0.06962047029704056]
[0.07663056945278598, 0.06962047029704056, 0.0775340065585527]
[0.06962047029704056, 0.0775340065585527, 0.089996826072231]
[0.0775340065585527, 0.089996826072231, 0.09672761449718406]
[0.089996826072231, 0.09672761449718406, 0.11811149137797498]
[0.09672761449718406, 0.11811149137797498, 0.08498147484908766]
[0.11811149137797498, 0.08498147484908766, 0.0789711168676342]
[0.08498147484908766, 0.0789711168676342, 0.06765994619823393]
[0.0789711168676342, 0.06765994619823393, 0.0856255030043235]
[0.06765994619823393, 0.0856255030043235, 0.06517381330008046]
[0.0856255030043235, 0.06517381330008046, 0.09795445130660821]
[0.06517381330008046, 0.09795445130660821, 0.1204565764413365]
[0.09795445130660821, 0.1204565764413365, 0.09394020552580583]
[0.1204565764413365, 0.09394020552580583, 0.09661177933326733]
[0.09394020552580583, 0.09661177933326733, 0.12308990430191863]
[0.09661177933326733, 0.12308990430191863, 0.08912518924639062]
[0.12308990430191863, 0.08912518924639062, 0.11002774810763255]
[0.08912518924639062, 0.11002774810763255, 0.0811913572467792]
[0.11002774810763255, 0.0811913572467792, 0.07415613081864628]
[0.0811913572467792, 0.07415613081864628, 0.10525717378112065]
[0.07415613081864628, 0.10525717378112065, 0.10189430072580842]
[0.10525717378112065, 0.10189430072580842, 0.08183392917031826]
[0.10189430072580842, 0.08183392917031826, 0.10490755098156593]
[0.08183392917031826, 0.10490755098156593, 0.0703941294345412]
[0.10490755098156593, 0.0703941294345412, 0.09976296353459074]
[0.0703941294345412, 0.09976296353459074, 0.11562527079471163]
[0.09976296353459074, 0.11562527079471163, 0.08675203245872794]
[0.11562527079471163, 0.08675203245872794, 0.08689841773344059]
[0.08675203245872794, 0.08689841773344059, 0.0887050972975662]
[0.08689841773344059, 0.0887050972975662, 0.12052490602510088]
[0.0887050972975662, 0.12052490602510088, 0.10186121021441943]
[0.12052490602510088, 0.10186121021441943, 0.10116743913825518]
[0.10186121021441943, 0.10116743913825518, 0.10879775703853914]
[0.10116743913825518, 0.10879775703853914, 0.09803893958731175]
[0.10879775703853914, 0.09803893958731175, 0.06255394696888389]
[0.09803893958731175, 0.06255394696888389, 0.12492426979693885]
[0.06255394696888389, 0.12492426979693885, 0.1164292734449537]
[0.12492426979693885, 0.1164292734449537, 0.0897074677891044]
[0.1164292734449537, 0.0897074677891044, 0.11464478966530287]
[0.0897074677891044, 0.11464478966530287, 0.11536447226772305]
[0.11464478966530287, 0.11536447226772305, 0.09564358803571985]
[0.11536447226772305, 0.09564358803571985, 0.09858519796938137]
[0.09564358803571985, 0.09858519796938137, 0.09861057449653814]
[0.09858519796938137, 0.09861057449653814, 0.08252416124719514]
[0.09861057449653814, 0.08252416124719514, 0.08299110658522565]
[0.08252416124719514, 0.08299110658522565, 0.08188408916135557]
[0.08299110658522565, 0.08188408916135557, 0.07357796102169728]
[0.08188408916135557, 0.07357796102169728, 0.10537600948544154]
[0.07357796102169728, 0.10537600948544154, 0.07139811859743476]
[0.10537600948544154, 0.07139811859743476, 0.07948463367970834]
[0.07139811859743476, 0.07948463367970834, 0.09789394137810434]
[0.07948463367970834, 0.09789394137810434, 0.09616980344706987]
[0.09789394137810434, 0.09616980344706987, 0.0958532147661661]
[0.09616980344706987, 0.0958532147661661, 0.07221681413873632]
[0.0958532147661661, 0.07221681413873632, 0.06049716388590061]
[0.07221681413873632, 0.06049716388590061, 0.0677523352223798]
[0.06049716388590061, 0.0677523352223798, 0.05969201171964028]
[0.0677523352223798, 0.05969201171964028, 0.07854547070957821]
[0.05969201171964028, 0.07854547070957821, 0.06844379530674556]
[0.07854547070957821, 0.06844379530674556, 0.060609647668433686]
[0.06844379530674556, 0.060609647668433686, 0.06854512408593286]
[0.060609647668433686, 0.06854512408593286, 0.07105925170147219]
[0.06854512408593286, 0.07105925170147219, 0.08231288278908937]
[0.07105925170147219, 0.08231288278908937, 0.0703449938432136]
[0.08231288278908937, 0.0703449938432136, 0.08406288774817164]
[0.0703449938432136, 0.08406288774817164, 0.07484438522153151]
[0.08406288774817164, 0.07484438522153151, 0.07141860137834555]
[0.07484438522153151, 0.07141860137834555, 0.07139811859743476]
[0.07141860137834555, 0.07139811859743476, 0.07759852950958385]
[0.07139811859743476, 0.07759852950958385, 0.06729666106741025]
[0.07759852950958385, 0.06729666106741025, 0.06664125902575435]
[0.06729666106741025, 0.06664125902575435, 0.08763870129470304]
[0.06664125902575435, 0.08763870129470304, 0.07146403946114047]
[0.08763870129470304, 0.07146403946114047, 0.07146580226939925]
[0.07146403946114047, 0.07146580226939925, 0.06253136923302319]
[0.07146580226939925, 0.06253136923302319, 0.08430424007447926]
[0.06253136923302319, 0.08430424007447926, 0.09139696456705002]
[0.08430424007447926, 0.09139696456705002, 0.09821538598875541]
[0.09139696456705002, 0.09821538598875541, 0.09976610647374323]
[0.09821538598875541, 0.09976610647374323, 0.0893553273565454]
[0.09976610647374323, 0.0893553273565454, 0.09792771335106196]
[0.0893553273565454, 0.09792771335106196, 0.10236278937518589]
[0.09792771335106196, 0.10236278937518589, 0.10722307475352878]
[0.10236278937518589, 0.10722307475352878, 0.10449875050254154]
[0.10722307475352878, 0.10449875050254154, 0.10461608188309887]
[0.10449875050254154, 0.10461608188309887, 0.09809572564202376]
[0.10461608188309887, 0.09809572564202376, 0.09148594611397715]
[0.09809572564202376, 0.09148594611397715, 0.08276844008742004]
[0.09148594611397715, 0.08276844008742004, 0.10327974510057124]
[0.08276844008742004, 0.10327974510057124, 0.07818015408779275]
[0.10327974510057124, 0.07818015408779275, 0.10017788074181129]
[0.07818015408779275, 0.10017788074181129, 0.10036699762841354]
[0.10017788074181129, 0.10036699762841354, 0.07867825459119099]
[0.10036699762841354, 0.07867825459119099, 0.1029311346937082]
[0.07867825459119099, 0.1029311346937082, 0.08823269518435073]
[0.1029311346937082, 0.08823269518435073, 0.10017788074181129]
[0.08823269518435073, 0.10017788074181129, 0.08827311883704939]
[0.10017788074181129, 0.08827311883704939, 0.10255883312276368]
[0.08827311883704939, 0.10255883312276368, 0.10255883312276368]
[0.10255883312276368, 0.10255883312276368, 0.09203251733328999]
[0.10255883312276368, 0.09203251733328999, 0.06715413465333421]
[0.09203251733328999, 0.06715413465333421, 0.10540763656641514]
[0.06715413465333421, 0.10540763656641514, 0.09230390984424096]
[0.10540763656641514, 0.09230390984424096, 0.11113071710404654]
[0.09230390984424096, 0.11113071710404654, 0.10810159856989132]
[0.11113071710404654, 0.10810159856989132, 0.10802885274528659]
[0.10810159856989132, 0.10802885274528659, 0.08415026144245916]
[0.10802885274528659, 0.08415026144245916, 0.10547001962252292]
[0.08415026144245916, 0.10547001962252292, 0.10275395988653857]
[0.10547001962252292, 0.10275395988653857, 0.09423409366426061]
[0.10275395988653857, 0.09423409366426061, 0.10802885274528659]
[0.09423409366426061, 0.10802885274528659, 0.1003317898400839]
[0.10802885274528659, 0.1003317898400839, 0.09819570616199666]
[0.1003317898400839, 0.09819570616199666, 0.08458281446270657]
[0.09819570616199666, 0.08458281446270657, 0.10105427322321908]
[0.08458281446270657, 0.10105427322321908, 0.09821737766908989]
[0.10105427322321908, 0.09821737766908989, 0.11468394950934672]
[0.09821737766908989, 0.11468394950934672, 0.05847911841944913]
[0.11468394950934672, 0.05847911841944913, 0.08959606514969648]
[0.05847911841944913, 0.08959606514969648, 0.08237618855293284]
[0.08959606514969648, 0.08237618855293284, 0.09292323233044208]
[0.08237618855293284, 0.09292323233044208, 0.10149105150513055]
[0.09292323233044208, 0.10149105150513055, 0.06702700636078439]
[0.10149105150513055, 0.06702700636078439, 0.07077887370335074]
[0.06702700636078439, 0.07077887370335074, 0.107990316051307]
[0.07077887370335074, 0.107990316051307, 0.09266897574534244]
[0.107990316051307, 0.09266897574534244, 0.08755297744373375]
[0.09266897574534244, 0.08755297744373375, 0.07886503498598663]
[0.08755297744373375, 0.07886503498598663, 0.11173309979059935]
[0.07886503498598663, 0.11173309979059935, 0.11173309979059935]
[0.11173309979059935, 0.11173309979059935, 0.12445606032479055]
[0.11173309979059935, 0.12445606032479055, 0.1085291226426105]
[0.12445606032479055, 0.1085291226426105, 0.11098760239431316]
[0.1085291226426105, 0.11098760239431316, 0.1085291226426105]
[0.11098760239431316, 0.1085291226426105, 0.10045774551783798]
[0.1085291226426105, 0.10045774551783798, 0.07542040692987098]
[0.10045774551783798, 0.07542040692987098, 0.09779861357144157]
[0.07542040692987098, 0.09779861357144157, 0.11332023603318439]
[0.09779861357144157, 0.11332023603318439, 0.10239870761111086]
[0.11332023603318439, 0.10239870761111086, 0.09994616598843743]
[0.10239870761111086, 0.09994616598843743, 0.11415267017665218]
[0.09994616598843743, 0.11415267017665218, 0.09621577454820274]
[0.11415267017665218, 0.09621577454820274, 0.10017788074181129]
[0.09621577454820274, 0.10017788074181129, 0.08984239225902138]
[0.10017788074181129, 0.08984239225902138, 0.09996143987806899]
[0.08984239225902138, 0.09996143987806899, 0.09001204583068284]
[0.09996143987806899, 0.09001204583068284, 0.10556188688014034]
[0.09001204583068284, 0.10556188688014034, 0.09538516467302038]
[0.10556188688014034, 0.09538516467302038, 0.06884886565917438]
[0.09538516467302038, 0.06884886565917438, 0.09058805683692828]
[0.06884886565917438, 0.09058805683692828, 0.09773334146112034]
[0.09058805683692828, 0.09773334146112034, 0.06879561839011802]
[0.09773334146112034, 0.06879561839011802, 0.06506109422663081]
[0.06879561839011802, 0.06506109422663081, 0.07985618875189854]
[0.06506109422663081, 0.07985618875189854, 0.09597378630598447]
[0.07985618875189854, 0.09597378630598447, 0.08722868080183545]
[0.09597378630598447, 0.08722868080183545, 0.11476441343888666]
[0.08722868080183545, 0.11476441343888666, 0.0673057140339812]
[0.11476441343888666, 0.0673057140339812, 0.08188121645487337]
[0.0673057140339812, 0.08188121645487337, 0.06510788151871164]
[0.08188121645487337, 0.06510788151871164, 0.09523066986595619]
[0.06510788151871164, 0.09523066986595619, 0.08805667797330709]
[0.09523066986595619, 0.08805667797330709, 0.10841204835790355]
[0.08805667797330709, 0.10841204835790355, 0.09088962509901033]
[0.10841204835790355, 0.09088962509901033, 0.09923309979059936]
[0.09088962509901033, 0.09923309979059936, 0.06818585953000883]
[0.09923309979059936, 0.06818585953000883, 0.10234239225902138]
[0.06818585953000883, 0.10234239225902138, 0.08343997911555984]
[0.10234239225902138, 0.08343997911555984, 0.06199370227566755]
[0.08343997911555984, 0.06199370227566755, 0.05361656740254848]
[0.06199370227566755, 0.05361656740254848, 0.07621703350527406]
[0.05361656740254848, 0.07621703350527406, 0.06556820302957864]
[0.07621703350527406, 0.06556820302957864, 0.08823269518435073]
[0.06556820302957864, 0.08823269518435073, 0.08792041382805249]
[0.08823269518435073, 0.08792041382805249, 0.058257240194823284]
[0.08792041382805249, 0.058257240194823284, 0.09035125406813196]
[0.058257240194823284, 0.09035125406813196, 0.08859907071645391]
[0.09035125406813196, 0.08859907071645391, 0.1003071123424214]
[0.08859907071645391, 0.1003071123424214, 0.09833933045671366]
[0.1003071123424214, 0.09833933045671366, 0.08311883202828343]
[0.09833933045671366, 0.08311883202828343, 0.08591650587144357]
[0.08311883202828343, 0.08591650587144357, 0.09297281033409939]
[0.08591650587144357, 0.09297281033409939, 0.06411881258679125]
[0.09297281033409939, 0.06411881258679125, 0.05113651818396585]
[0.06411881258679125, 0.05113651818396585, 0.08307840837558478]
[0.05113651818396585, 0.08307840837558478, 0.059416558871284574]
[0.08307840837558478, 0.059416558871284574, 0.08149545540490681]
[0.059416558871284574, 0.08149545540490681, 0.08165605850635849]
[0.08149545540490681, 0.08165605850635849, 0.06915681861154432]
[0.08165605850635849, 0.06915681861154432, 0.05937613521858592]
[0.06915681861154432, 0.05937613521858592, 0.07607424282778219]
[0.05937613521858592, 0.07607424282778219, 0.05775801884598635]
[0.07607424282778219, 0.05775801884598635, 0.038092588343424376]
[0.05775801884598635, 0.038092588343424376, 0.06222818336146971]
[0.038092588343424376, 0.06222818336146971, 0.05732959996722335]
[0.06222818336146971, 0.05732959996722335, 0.10113703010827016]
[0.05732959996722335, 0.10113703010827016, 0.08868323437424003]
[0.10113703010827016, 0.08868323437424003, 0.1031174454078951]
[0.08868323437424003, 0.1031174454078951, 0.09089169192036994]
[0.1031174454078951, 0.09089169192036994, 0.09776736957260726]
[0.09089169192036994, 0.09776736957260726, 0.0829277693754126]
[0.09776736957260726, 0.0829277693754126, 0.1056242699362481]
[0.0829277693754126, 0.1056242699362481, 0.08836192678496084]
[0.1056242699362481, 0.08836192678496084, 0.07585108357865843]
[0.08836192678496084, 0.07585108357865843, 0.06925657420940985]
[0.07585108357865843, 0.06925657420940985, 0.07768806472337378]
[0.06925657420940985, 0.07768806472337378, 0.07996586837350703]
[0.07768806472337378, 0.07996586837350703, 0.08869824312772898]
[0.07996586837350703, 0.08869824312772898, 0.07446487321779943]
[0.08869824312772898, 0.07446487321779943, 0.07953264971071297]
[0.07446487321779943, 0.07953264971071297, 0.08002790349588217]
[0.07953264971071297, 0.08002790349588217, 0.08002790349588217]
[0.08002790349588217, 0.08002790349588217, 0.04987592975524973]
[0.08002790349588217, 0.04987592975524973, 0.07889280905259907]
[0.04987592975524973, 0.07889280905259907, 0.06441912484207277]
[0.07889280905259907, 0.06441912484207277, 0.0949774638111564]
[0.06441912484207277, 0.0949774638111564, 0.09993761694389224]
[0.0949774638111564, 0.09993761694389224, 0.08979628625972674]
[0.09993761694389224, 0.08979628625972674, 0.07636835693228748]
[0.08979628625972674, 0.07636835693228748, 0.06880040576221454]
[0.07636835693228748, 0.06880040576221454, 0.09295921388895881]
[0.06880040576221454, 0.09295921388895881, 0.09308844548956893]
[0.09295921388895881, 0.09308844548956893, 0.058768541143180905]
[0.09308844548956893, 0.058768541143180905, 0.09968947645439169]
[0.058768541143180905, 0.09968947645439169, 0.0633569439723319]
[0.09968947645439169, 0.0633569439723319, 0.06570176555746922]
[0.0633569439723319, 0.06570176555746922, 0.09626256184028356]
[0.06570176555746922, 0.09626256184028356, 0.0623291424631689]
[0.09626256184028356, 0.0623291424631689, 0.06605453228017334]
[0.0623291424631689, 0.06605453228017334, 0.049844738227195845]
[0.06605453228017334, 0.049844738227195845, 0.08307805029585882]
[0.049844738227195845, 0.08307805029585882, 0.06237592975524973]
[0.08307805029585882, 0.06237592975524973, 0.09513029883089881]
[0.06237592975524973, 0.09513029883089881, 0.09320423267482433]
[0.09513029883089881, 0.09320423267482433, 0.08823269518435073]
[0.09320423267482433, 0.08823269518435073, 0.07687233754999193]
[0.08823269518435073, 0.07687233754999193, 0.08580071550615789]
[0.07687233754999193, 0.08580071550615789, 0.10544361812493187]
[0.08580071550615789, 0.10544361812493187, 0.10544361812493187]
[0.10544361812493187, 0.10544361812493187, 0.10551636394953662]
[0.10544361812493187, 0.10551636394953662, 0.11171906246744306]
[0.10551636394953662, 0.11171906246744306, 0.10063597166434896]
[0.11171906246744306, 0.10063597166434896, 0.1148465180308258]
[0.10063597166434896, 0.1148465180308258, 0.11025875189249432]
[0.1148465180308258, 0.11025875189249432, 0.13140911545624626]
[0.11025875189249432, 0.13140911545624626, 0.10254521716192229]
[0.13140911545624626, 0.10254521716192229, 0.11498318203954716]
[0.10254521716192229, 0.11498318203954716, 0.10859242798881003]
[0.11498318203954716, 0.10859242798881003, 0.11463750957519475]
[0.10859242798881003, 0.11463750957519475, 0.11657683227980964]
[0.11463750957519475, 0.11657683227980964, 0.08218715551639463]
[0.11657683227980964, 0.08218715551639463, 0.1549897318177162]
[0.08218715551639463, 0.1549897318177162, 0.11722374762194829]
[0.1549897318177162, 0.11722374762194829, 0.12518724026473196]
[0.11722374762194829, 0.12518724026473196, 0.17685281191431673]
[0.12518724026473196, 0.17685281191431673, 0.14338733644771418]
[0.17685281191431673, 0.14338733644771418, 0.17333962026116018]
[0.14338733644771418, 0.17333962026116018, 0.12839769789493372]
[0.17333962026116018, 0.12839769789493372, 0.13642623113418176]
[0.12839769789493372, 0.13642623113418176, 0.14620225453236313]
[0.13642623113418176, 0.14620225453236313, 0.15830295573473518]
[0.14620225453236313, 0.15830295573473518, 0.15530052902337016]
[0.15830295573473518, 0.15530052902337016, 0.16394497342820447]
[0.15530052902337016, 0.16394497342820447, 0.11402329969464062]
[0.16394497342820447, 0.11402329969464062, 0.14367160395171905]
[0.11402329969464062, 0.14367160395171905, 0.11922549978943034]
[0.14367160395171905, 0.11922549978943034, 0.12542922850695024]
[0.11922549978943034, 0.12542922850695024, 0.10547878996039244]
[0.12542922850695024, 0.10547878996039244, 0.15232999107305437]
[0.10547878996039244, 0.15232999107305437, 0.12207456607932948]
[0.15232999107305437, 0.12207456607932948, 0.14865691293617855]
[0.12207456607932948, 0.14865691293617855, 0.1580014784982519]
[0.14865691293617855, 0.1580014784982519, 0.11402329969464062]
[0.1580014784982519, 0.11402329969464062, 0.11861849824108335]
[0.11402329969464062, 0.11861849824108335, 0.10553334932884599]
[0.11861849824108335, 0.10553334932884599, 0.08869407562886475]
[0.10553334932884599, 0.08869407562886475, 0.09987828615518053]
[0.08869407562886475, 0.09987828615518053, 0.11177437913051208]
[0.09987828615518053, 0.11177437913051208, 0.1276384689094132]
[0.11177437913051208, 0.1276384689094132, 0.09399463840228231]
[0.1276384689094132, 0.09399463840228231, 0.12656641604010024]
[0.09399463840228231, 0.12656641604010024, 0.12645729730319313]
[0.12656641604010024, 0.12645729730319313, 0.11240859452597772]
[0.12645729730319313, 0.11240859452597772, 0.12164626115743607]
[0.11240859452597772, 0.12164626115743607, 0.09755666456293985]
[0.12164626115743607, 0.09755666456293985, 0.08604616363253156]
[0.09755666456293985, 0.08604616363253156, 0.08327943512973512]
[0.08604616363253156, 0.08327943512973512, 0.12134772412317411]
[0.08327943512973512, 0.12134772412317411, 0.10051599913419679]
[0.12134772412317411, 0.10051599913419679, 0.06344982268902828]
[0.10051599913419679, 0.06344982268902828, 0.08001851939970528]
[0.06344982268902828, 0.08001851939970528, 0.08703883362597573]
[0.08001851939970528, 0.08703883362597573, 0.10314228286004759]
[0.08703883362597573, 0.10314228286004759, 0.1150536001272337]
[0.10314228286004759, 0.1150536001272337, 0.10037230157094452]
[0.1150536001272337, 0.10037230157094452, 0.10003612526136614]
[0.10037230157094452, 0.10003612526136614, 0.10003612526136614]
[0.10003612526136614, 0.10003612526136614, 0.09203896823761118]
[0.10003612526136614, 0.09203896823761118, 0.1056314729476864]
[0.09203896823761118, 0.1056314729476864, 0.08554478313401848]
[0.1056314729476864, 0.08554478313401848, 0.11700959385989385]
[0.08554478313401848, 0.11700959385989385, 0.1117083144139329]
[0.11700959385989385, 0.1117083144139329, 0.10304390274698554]
[0.1117083144139329, 0.10304390274698554, 0.07638021910558562]
[0.10304390274698554, 0.07638021910558562, 0.11964666460160231]
[0.07638021910558562, 0.11964666460160231, 0.13986759979275984]
[0.11964666460160231, 0.13986759979275984, 0.1305344482879029]
[0.13986759979275984, 0.1305344482879029, 0.12902679737558603]
[0.1305344482879029, 0.12902679737558603, 0.09966578639985085]
[0.12902679737558603, 0.09966578639985085, 0.09788849799314293]
[0.09966578639985085, 0.09788849799314293, 0.10448323566811127]
[0.09788849799314293, 0.10448323566811127, 0.11402691621941938]
[0.10448323566811127, 0.11402691621941938, 0.09511274037905262]
[0.11402691621941938, 0.09511274037905262, 0.09547333541380454]
[0.09511274037905262, 0.09547333541380454, 0.09540590981462096]
[0.09547333541380454, 0.09540590981462096, 0.11419404476882689]
[0.09540590981462096, 0.11419404476882689, 0.0895387966020118]
[0.11419404476882689, 0.0895387966020118, 0.1111521525454337]
[0.0895387966020118, 0.1111521525454337, 0.11324237744463346]
[0.1111521525454337, 0.11324237744463346, 0.10841204835790355]
[0.11324237744463346, 0.10841204835790355, 0.07774355885580665]
[0.10841204835790355, 0.07774355885580665, 0.07300325059776293]
[0.07774355885580665, 0.07300325059776293, 0.10017438411835101]
[0.07300325059776293, 0.10017438411835101, 0.11110601036137974]
[0.10017438411835101, 0.11110601036137974, 0.11438271943299397]
[0.11110601036137974, 0.11438271943299397, 0.13423014772819705]
[0.11438271943299397, 0.13423014772819705, 0.11725490124897345]
[0.13423014772819705, 0.11725490124897345, 0.11481919813803423]
[0.11725490124897345, 0.11481919813803423, 0.11105220273106702]
[0.11481919813803423, 0.11105220273106702, 0.14565762988927478]
[0.11105220273106702, 0.14565762988927478, 0.15176974440046992]
[0.14565762988927478, 0.15176974440046992, 0.12121256362045539]
[0.15176974440046992, 0.12121256362045539, 0.1211219796137441]
[0.12121256362045539, 0.1211219796137441, 0.17361411416258316]
[0.1211219796137441, 0.17361411416258316, 0.19778037208109178]
[0.17361411416258316, 0.19778037208109178, 0.14552095252399913]
[0.19778037208109178, 0.14552095252399913, 0.16615383896424768]
[0.14552095252399913, 0.16615383896424768, 0.14711606215101108]
[0.16615383896424768, 0.14711606215101108, 0.16872319978291062]
[0.14711606215101108, 0.16872319978291062, 0.1430913291369178]
[0.16872319978291062, 0.1430913291369178, 0.16933047633352294]
